# callgrind format
version: 1
creator: callgrind-3.14.0
pid: 1298
cmd:  ./ft_ls -lraFR ../drafts
part: 1


desc: I1 cache: 
desc: D1 cache: 
desc: LL cache: 

desc: Timerange: Basic block 0 - 5938099958
desc: Trigger: Program termination

positions: instr line
events: Ir
summary: 27993899801


ob=(1) /home/emptycee/repos/ft_ls_git/ft_ls_/ft_ls
fl=(1) ???
fn=(0) ft_ls_rec
0x29ed 0 848299994
+4 0 848299994
+2 0 848299994
+2 0 848299994
+3 0 848299994
+2 0 848299994
+3 0 848299994
+6 0 848299994
+4 0 848299994
+3 0 848299994
+3 0 848299994
+3 0 848299994
+6 0 848299994
+4 0 848299994
+3 0 848299994
+4 0 848299994
+3 0 848299994
+6 0 848299994
+4 0 848299994
+3 0 848299994
+3 0 848299994
+3 0 848299994
+6 0 848299994
+4 0 848299994
+3 0 848299994
+4 0 848299994
+3 0 848299994
+6 0 848299994
+4 0 848299994
+3 0 848299994
+4 0 848299994
+3 0 848299994
+6 0 848299993

totals: 27993899801
