# callgrind format
version: 1
creator: callgrind-3.14.0
pid: 2241
cmd:  ./ft_ls -lraFR build
part: 1


desc: I1 cache: 
desc: D1 cache: 
desc: LL cache: 

desc: Timerange: Basic block 0 - 8920799958
desc: Trigger: Program termination

positions: instr line
events: Ir
summary: 42055199801


ob=(1) /home/emptycee/repos/ft_ls_git/ft_ls_/ft_ls
fl=(1) ???
fn=(0) ft_ls_rec
0x29ed 0 1274399994
+4 0 1274399994
+2 0 1274399994
+2 0 1274399994
+3 0 1274399994
+2 0 1274399994
+3 0 1274399994
+6 0 1274399994
+4 0 1274399994
+3 0 1274399994
+3 0 1274399994
+3 0 1274399994
+6 0 1274399994
+4 0 1274399994
+3 0 1274399994
+4 0 1274399994
+3 0 1274399994
+6 0 1274399994
+4 0 1274399994
+3 0 1274399994
+3 0 1274399994
+3 0 1274399994
+6 0 1274399994
+4 0 1274399994
+3 0 1274399994
+4 0 1274399994
+3 0 1274399994
+6 0 1274399994
+4 0 1274399994
+3 0 1274399994
+4 0 1274399994
+3 0 1274399994
+6 0 1274399993

totals: 42055199801
