# callgrind format
version: 1
creator: callgrind-3.14.0
pid: 1133
cmd:  ./ft_ls -lraFR ../drafts
part: 1


desc: I1 cache: 
desc: D1 cache: 
desc: LL cache: 

desc: Timerange: Basic block 0 - 15524599958
desc: Trigger: Program termination

positions: instr line
events: Ir
summary: 73187399801


ob=(1) /home/emptycee/repos/ft_ls_git/ft_ls_/ft_ls
fl=(1) ???
fn=(0) ft_ls_rec
0x29ed 0 2217799994
+4 0 2217799994
+2 0 2217799994
+2 0 2217799994
+3 0 2217799994
+2 0 2217799994
+3 0 2217799994
+6 0 2217799994
+4 0 2217799994
+3 0 2217799994
+3 0 2217799994
+3 0 2217799994
+6 0 2217799994
+4 0 2217799994
+3 0 2217799994
+4 0 2217799994
+3 0 2217799994
+6 0 2217799994
+4 0 2217799994
+3 0 2217799994
+3 0 2217799994
+3 0 2217799994
+6 0 2217799994
+4 0 2217799994
+3 0 2217799994
+4 0 2217799994
+3 0 2217799994
+6 0 2217799994
+4 0 2217799994
+3 0 2217799994
+4 0 2217799994
+3 0 2217799994
+6 0 2217799993

totals: 73187399801
