# callgrind format
version: 1
creator: callgrind-3.14.0
pid: 9349
cmd:  ./ft_ls -lRraF ../../../Desktop
part: 1


desc: I1 cache: 
desc: D1 cache: 
desc: LL cache: 

desc: Timerange: Basic block 0 - 222782211
desc: Trigger: Program termination

positions: instr line
events: Ir
summary: 1036605322


ob=(4) ???
fl=(2) ???
fn=(252) 0x0000000004a34580
0x4a34580 0 414977
+4 0 414977
cob=(2) /usr/lib/libc-2.29.so
cfi=(1) ???
cfn=(254) _nss_files_parse_grent
calls=414977 0xc6d60 0 
* 0 148031171

fn=(100) 0x0000000004a344f0
0x4a344f0 0 52132
+4 0 52132
cob=(2)
cfi=(1)
cfn=(102) fopen@@GLIBC_2.2.5
calls=52132 0x73240 0 
* 0 24866964

fn=(106) 0x0000000004893310
0x4893310 0 108080
+4 0 108080
cob=(2)
cfi=(1)
cfn=(52) malloc
calls=108080 0x875d0 0 
* 0 26348445

fn=(174) 0x00000000048934c0
0x48934c0 0 632087
+4 0 632087
cob=(2)
cfi=(1)
cfn=(176) __memcpy_avx_unaligned_erms
calls=632087 0x161c50 0 
* 0 8199114

fn=(214) 0x0000000004a34390
0x4a34390 0 52132
+4 0 52132
cob=(2)
cfi=(1)
cfn=(16) fclose@@GLIBC_2.2.5
calls=52132 0x72800 0 
* 0 28009710

fn=(256) 0x0000000004893460
0x4893460 0 414977
+4 0 414977
cob=(2)
cfi=(1)
cfn=(258) __strlen_avx2
calls=414977 0x15ec40 0 
* 0 8763504

fn=(170) 0x0000000004893420
0x4893420 0 632087
+4 0 632087
cob=(2)
cfi=(1)
cfn=(172) __memchr_avx2
calls=632087 0x15aaa0 0 
* 0 16063517

fn=(184) 0x0000000004a345a0
0x4a345a0 0 632087
+4 0 632087
cob=(2)
cfi=(1)
cfn=(186) __ctype_b_loc
calls=632087 0x334e0 0 
* 0 2528348

fn=(124) 0x0000000004893470
0x4893470 0 684219
+4 0 684219
cob=(2)
cfi=(1)
cfn=(126) __strchr_avx2
calls=684219 0x15e650 0 
* 0 19687554

fn=(6) 0x0000000004893330
0x4893330 0 160213
+4 0 160213
cob=(2)
cfi=(1)
cfn=(8) free
calls=160213 0x87c70 0 
* 0 13102173

fn=(136) 0x0000000004a34530
0x4a34530 0 632087
+4 0 632087
cob=(2)
cfi=(1)
cfn=(138) __libc_readline_unlocked
calls=632087 0x7d2d0 0 
* 0 99016532

fn=(198) 0x0000000004a34380
0x4a34380 0 217110
+4 0 217110
cob=(2)
cfi=(1)
cfn=(200) _nss_files_parse_pwent
calls=217110 0xc8a00 0 
* 0 126942931

ob=(3) /usr/lib/libnss_files-2.29.so
fl=(3) ???
fn=(96) 0x0000000000006a90
0x6a90 0 26066
+1 0 26066
+3 0 26066
+3 0 26066
+3 0 26066
+12 0 26066
+1 0 26066
+9 0 26066
+7 0 26066
+7 0 26066
cob=(4)
cfi=(2)
cfn=(100)
calls=26066 0x4a344f0 0 
* 0 12485614
+5 0 26066
+3 0 26066
+3 0 26066
+5 0 26066
+3 0 26066

fn=(232) 0x00000000000064e0
0x64e0 0 414977
+2 0 414977
+3 0 414977
+2 0 414977
+3 0 414977
+2 0 414977
+3 0 414977
+2 0 414977
+3 0 414977
+1 0 414977
+3 0 414977
+1 0 414977
+4 0 414977
+5 0 414977
+4 0 414977
+6 0 414977
+4 0 414977
+3 0 414977
+3 0 414977
+3 0 414977
cob=(4)
cfi=(2)
cfn=(136)
calls=414977 0x4a34530 0 
* 0 57962357
+5 0 414977
+3 0 414977
+3 0 414977
+2 0 414977
+2 0 414977
cob=(4)
cfi=(2)
cfn=(184)
calls=414977 0x4a345a0 0 
* 0 2489862
+5 0 414977
+3 0 414977
+3 0 414977
+9 0 414977
+4 0 414977
+5 0 414977
+2 0 414977
+2 0 414977
+2 0 414977
+3 0 414977
+2 0 414977
+5 0 414977
+3 0 414977
+3 0 414977
+3 0 414977
+8 0 414977
cob=(4)
cfi=(2)
cfn=(252)
calls=414977 0x4a34580 0 
* 0 148861125
+5 0 414977
+3 0 414977
+2 0 414977
+2 0 414977
+2 0 414977
+6 0 414977
+27 0 414977
+4 0 414977
+3 0 414977
+1 0 414977
+1 0 414977
+2 0 414977
+2 0 414977
+2 0 414977
+2 0 414977

fn=(22) _nss_files_getgrgid_r
0x68a0 0 26066
+4 0 26066
+2 0 26066
+3 0 26066
+2 0 26066
+3 0 26066
+2 0 26066
+3 0 26066
+2 0 26066
+1 0 26066
+3 0 26066
+1 0 26066
+3 0 26066
+4 0 26066
+9 0 26066
+5 0 26066
+2 0 26066
+3 0 26066
+8 0 26066
cfn=(224) 0x0000000000006610
calls=26066 0x6610 0 
* 0 12876604
+5 0 26066
+3 0 26066
+3 0 26066
+2 0 26067
+5 0 26067
+9 0 26067
+2 0 26067
+4 0 26067
+3 0 26067
+1 0 26067
+1 0 26067
+2 0 26067
+2 0 26067
+2 0 26067
+2 0 26067
+6 0 26066
+3 0 26066
+3 0 26066
+3 0 26066
+2 0 26066
+2 0 414977
+4 0 414977
+3 0 414977
+3 0 414977
+3 0 414977
+3 0 414977
cfn=(232)
calls=414977 0x64e0 0 
* 0 232552056
+5 0 414977
+3 0 414977
+3 0 414977
+2 0 414977
+4 0 414977
+2 0 26066
+8 0 26066
+4 0 26066
+3 0 26066
+2 0 26066
cob=(4)
cfi=(2)
cfn=(214)
calls=26066 0x4a34390 0 
* 0 14056987
cob=(2)
cfi=(1)
cfn=(16)
calls=1 0x728b1 0 
+4 0 377
+5 0 26067

fn=(94) _nss_files_getpwuid_r
0x6d20 0 26066
+4 0 26066
+2 0 26066
+3 0 26066
+2 0 26066
+3 0 26066
+2 0 26066
+3 0 26066
+2 0 26066
+1 0 26066
+3 0 26066
+1 0 26066
+3 0 26066
+4 0 26066
+9 0 26066
+5 0 26066
+2 0 26066
+3 0 26066
+8 0 26066
cfn=(96)
calls=26066 0x6a90 0 
* 0 12876604
+5 0 26066
+3 0 26066
+3 0 26066
+2 0 26066
+5 0 26066
+9 0 26066
+2 0 26066
+4 0 26066
+3 0 26066
+1 0 26066
+1 0 26066
+2 0 26066
+2 0 26066
+2 0 26066
+2 0 26066
+6 0 26066
+3 0 26066
+3 0 26066
+3 0 26066
+2 0 26066
+2 0 217110
+4 0 217110
+3 0 217110
+3 0 217110
+3 0 217110
+3 0 217110
cfn=(132) 0x0000000000006960
calls=217110 0x6960 0 
* 0 183156320
+5 0 217110
+3 0 217110
+3 0 217110
+2 0 217110
+4 0 217110
+2 0 26066
+8 0 26066
+4 0 26066
+3 0 26066
+2 0 26066
cob=(4)
cfi=(2)
cfn=(214)
calls=26066 0x4a34390 0 
* 0 14056987
+5 0 26066

fn=(224)
0x6610 0 26066
+1 0 26066
+3 0 26066
+3 0 26066
+3 0 26066
+12 0 26066
+1 0 26066
+9 0 26066
+7 0 26066
+7 0 26066
cob=(4)
cfi=(2)
cfn=(100)
calls=26066 0x4a344f0 0 
* 0 12485614
+5 0 26066
+3 0 26066
+3 0 26066
+5 0 26066
+3 0 26066

fn=(132)
0x6960 0 217110
+2 0 217110
+3 0 217110
+2 0 217110
+3 0 217110
+2 0 217110
+3 0 217110
+2 0 217110
+3 0 217110
+1 0 217110
+3 0 217110
+1 0 217110
+4 0 217110
+5 0 217110
+4 0 217110
+6 0 217110
+4 0 217110
+3 0 217110
+3 0 217110
+3 0 217110
cob=(4)
cfi=(2)
cfn=(136)
calls=217110 0x4a34530 0 
* 0 42318349
+5 0 217110
+3 0 217110
+3 0 217110
+2 0 217110
+2 0 217110
cob=(4)
cfi=(2)
cfn=(184)
calls=217110 0x4a345a0 0 
* 0 1302660
+5 0 217110
+3 0 217110
+3 0 217110
+9 0 217110
+4 0 217110
+5 0 217110
+2 0 217110
+2 0 217110
+2 0 217110
+3 0 217110
+2 0 217110
+5 0 217110
+3 0 217110
+3 0 217110
+3 0 217110
+8 0 217110
cob=(4)
cfi=(2)
cfn=(198)
calls=217110 0x4a34380 0 
* 0 127377151
+5 0 217110
+3 0 217110
+2 0 217110
+2 0 217110
+2 0 217110
+6 0 217110
+27 0 217110
+4 0 217110
+3 0 217110
+1 0 217110
+1 0 217110
+2 0 217110
+2 0 217110
+2 0 217110
+2 0 217110

ob=(2)
fl=(1)
fn=(108) _IO_no_init
0x812b0 0 52132
+4 0 52132
+2 0 52132
+3 0 52132
+2 0 52132
+3 0 52132
+1 0 52132
+3 0 52132
+1 0 52132
+3 0 52132
+4 0 52132
cfn=(110) _IO_old_init
calls=52132 0x811f0 0 
* 0 1459696
+5 0 52132
+7 0 52132
+3 0 52132
+6 0 52132
+7 0 52132
+8 0 52132
+8 0 52132
+8 0 52132
+7 0 52132
+8 0 52132
+8 0 52132
+8 0 52132
+8 0 52132
+8 0 52132
+8 0 52132
+8 0 52132
+7 0 52132
+11 0 52132
+4 0 52132
+1 0 52132
+1 0 52132
+2 0 52132
+2 0 52132

fn=(160) _fxstat
0xec7a0 0 55948
+4 0 55948
+3 0 55948
+2 0 55948
+3 0 55948
+4 0 55948
+2 0 55948
+5 0 55948
+2 0 55948
+6 0 55948
+2 0 55948

fn=(164) _IO_switch_to_get_mode
0x80860 0 52132
+4 0 52132
+1 0 52132
+1 0 52132
+3 0 52132
+4 0 52132
+4 0 52132
+4 0 52132
+57 0 52132
+2 0 52132
+3 0 52132
+2 0 52132
+4 0 52132
+4 0 52132
+4 0 52132
+6 0 52132
+3 0 52132
+4 0 52132
+2 0 52132
+4 0 52132
+4 0 52132
+2 0 52132
+4 0 52132
+1 0 52132
+1 0 52132

fn=(200)
0xc8a00 0 217110
+4 0 217110
+2 0 217110
+2 0 217110
+1 0 217110
+3 0 217110
+5 0 217110
+1 0 217110
+3 0 217110
+4 0 217110
+9 0 217110
+5 0 217110
+2 0 217110
cob=(4)
cfi=(2)
cfn=(124)
calls=217110 0x4893470 0 
* 0 7421292
+5 0 217110
+3 0 217110
+2 0 217110
+3 0 217110
+4 0 217110
+3 0 217110
+2 0 217110
+9 0 1557563
+4 0 1557563
+4 0 1557563
+2 0 1557563
+2 0 1774673
+2 0 1774673
+2 0 217110
+2 0 217110
+2 0 217110
+3 0 217110
+4 0 217110
+3 0 217110
+16 0 217110
+4 0 217110
+3 0 217110
+2 0 217110
+2 0 217110
+2 0 217110
+2 0 217110
+3 0 217110
+4 0 217110
+4 0 217110
+2 0 217110
+2 0 217110
+2 0 217110
+2 0 217110
+2 0 217110
+2 0 217110
+3 0 217110
+4 0 217110
+4 0 217110
+3 0 217110
+3 0 217110
+2 0 217110
+13 0 217110
+5 0 217110
+9 0 217110
+6 0 217110
+4 0 217110
+1 0 217110
+1 0 217110
+2 0 217110
+2 0 217110
0xc8ba3 0 217110
+4 0 217110
+3 0 217110
+2 0 217110
+4 0 2736023
+4 0 2736023
+4 0 2736023
+2 0 2736023
+2 0 2953133
+3 0 2953133
+2 0 217110
+2 0 217110
+2 0 217110
+3 0 217110
+4 0 217110
+4 0 217110
+3 0 217110
+2 0 217110
+11 0 1078727
+4 0 1078727
+4 0 1078727
+2 0 1078727
+2 0 1295837
+3 0 1295837
+2 0 217110
+2 0 217110
+2 0 217110
+3 0 217110
+4 0 217110
+4 0 217110
+5 0 217110
+11 0 217110
+3 0 217110
+5 0 217110
+3 0 217110
+3 0 217110
cfn=(202) strtoul
calls=217110 0x3ee40 0 
* 0 31095237
+5 0 217110
+5 0 217110
+4 0 217110
+3 0 217110
+4 0 217110
+3 0 217110
+3 0 217110
+6 0 217110
+5 0 217110
+2 0 217110
+10 0 217110
+5 0 217110
+3 0 217110
+3 0 217110
cfn=(202)
calls=217110 0x3ee40 0 
* 0 31224874
+5 0 217110
+5 0 217110
+3 0 217110
+4 0 217110
+3 0 217110
+4 0 217110
+3 0 217110
+6 0 217110
+3 0 217110
+3 0 217110
+6 0 217110
+4 0 217110
+14 0 217110
+4 0 217110

fn=(276) opendir_tail
0xc46c0 0 3816
+2 0 3816
+1 0 3816
+7 0 3816
+9 0 3816
+8 0 3816
+2 0 3816
+2 0 3816
+2 0 3816
+3 0 3816
+2 0 3816
+2 0 3816
+5 0 3816
+3 0 3816
cfn=(160)
calls=3816 0xec7a0 0 
* 0 41976
+5 0 3816
+2 0 3816
+2 0 3816
+4 0 3816
+5 0 3816
+5 0 3816
+2 0 3816
+3 0 3816
+2 0 3816
+5 0 3816
+2 0 3816
cfn=(278) __alloc_dir
calls=3816 0xc45b0 0 
* 0 4811430
+5 0 3816
+8 0 3816
+9 0 3816
+2 0 3816
+7 0 3816
+1 0 3816
+2 0 3816

fn=(322) __nscd_open_socket
0x133790 0 520
+4 0 520
+2 0 520
+2 0 520
+2 0 520
+1 0 520
+1 0 520
+7 0 520
+6 0 520
+3 0 520
+7 0 520
+2 0 520
+3 0 520
+3 0 520
+3 0 520
+3 0 520
+5 0 520
cfn=(324) open_socket
calls=520 0x132c50 0 
* 0 43680
+5 0 520
+3 0 520
+2 0 520
+77 0 520
+6 0 520
+5 0 520
+1 0 520
+3 0 520
+1 0 520
+2 0 520
+2 0 520
+2 0 520

fn=(330) __nscd_getgrgid_r
0x130770 0 260
+4 0 260
+2 0 260
+2 0 260
+3 0 260
+2 0 260
+3 0 260
+1 0 260
+3 0 260
+2 0 260
+1 0 260
+3 0 260
+5 0 260
+4 0 260
+9 0 260
+5 0 260
+2 0 260
+5 0 260
+5 0 260
cfn=(316) _itoa_word
calls=260 0x4fb00 0 
* 0 9700
+5 0 260
+5 0 260
+3 0 260
+3 0 260
+4 0 260
+3 0 260
+5 0 260
+3 0 260
+2 0 260
+3 0 260
cfn=(332) nscd_getgr_r
calls=260 0x1300a0 0 
* 0 52260
+5 0 260
+1 0 260
+1 0 260
+5 0 260
+9 0 260
+2 0 260
+4 0 260
+1 0 260
+1 0 260
+2 0 260
+2 0 260

fn=(336) sysmalloc
0x850a0 0 10
+2 0 10
+2 0 10
+2 0 10
+2 0 10
+1 0 10
+3 0 10
+1 0 10
+4 0 10
+7 0 10
+4 0 10
+3 0 10
+6 0 10
+7 0 10
+3 0 10
+6 0 10
+3 0 10
+3 0 10
+5 0 10
+4 0 10
+3 0 10
+3 0 10
+5 0 10
+4 0 10
+4 0 10
+3 0 10
+4 0 10
+5 0 10
+3 0 10
+7 0 10
+4 0 10
+6 0 10
+2 0 10
+6 0 10
+5 0 10
+3 0 10
+6 0 10
+4 0 10
+5 0 10
+3 0 10
+6 0 10
+7 0 10
+3 0 10
0x851bc 0 10
+7 0 10
+2 0 3
+7 0 3
+4 0 3
+4 0 3
+5 0 3
-13 0 7
+4 0 7
+4 0 7
+5 0 7
+6 0 10
+3 0 10
+7 0 10
+4 0 10
+3 0 10
+4 0 10
+3 0 10
+4 0 10
+4 0 10
+4 0 10
+4 0 10
+4 0 10
+4 0 10
+4 0 10
0x8531b 0 10
+4 0 10
+3 0 10
+1 0 10
+1 0 10
+2 0 10
+2 0 10
+2 0 10
+2 0 10
0x854d0 0 10
+7 0 10
+5 0 10
+5 0 10
+3 0 10
+3 0 10
+4 0 10
+6 0 10
+3 0 10
+3 0 10
+6 0 10
+7 0 10
+5 0 10
+3 0 10
+5 0 10
cfn=(338) __default_morecore
calls=10 0x89130 0 
* 0 480
+2 0 10
+5 0 10
+5 0 10
+3 0 10
+3 0 10
+6 0 10
+7 0 10
+3 0 10
+3 0 10
+6 0 10
+7 0 10
+7 0 10
+5 0 10
+3 0 10
+3 0 10
+6 0 10
+2 0 10
+7 0 10
+3 0 10
+6 0 10
+3 0 10
+6 0 10
+3 0 10
+7 0 10
+4 0 10
+4 0 10

fn=(8)
0x87c70 0 315008
+4 0 315008
+4 0 315008
+7 0 315008
+3 0 315008
+3 0 315008
+6 0 315008
+3 0 315008
+2 0 262875
+4 0 262875
+4 0 262875
+2 0 262875
+2 0 262875
+7 0 262875
+5 0 262875
+6 0 262875
+7 0 262875
+2 0 262875
+14 0 262875
+2 0 262875
+4 0 262875
cfn=(10) _int_free
calls=262875 0x846d0 0 
* 0 20841998
+53 0 52133
+4 0 52133

fn=(24) getgrgid_r@@GLIBC_2.2.5
0xc6400 0 26066
+4 0 26066
+2 0 26066
+2 0 26066
+3 0 26066
+2 0 26066
+3 0 26066
+2 0 26066
+3 0 26066
+1 0 26066
+3 0 26066
+1 0 26066
+7 0 26066
+5 0 26066
+9 0 26066
+5 0 26066
+2 0 26066
+6 0 26066
+9 0 26066
+2 0 26066
+6 0 26066
+3 0 26066
+3 0 26066
+6 0 25806
+6 0 25806
+7 0 25806
-7 0 260
+7 0 260
+6 0 26066
+7 0 26066
+4 0 26066
+9 0 26066
+5 0 26066
+7 0 26066
+4 0 26066
+9 0 26066
+4 0 26066
+5 0 26066
+3 0 26066
+3 0 26066
+4 0 26066
+4 0 26066
+2 0 26066
+6 0 26066
+7 0 26066
+2 0 26066
+9 0 26066
+5 0 26066
+9 0 26066
+5 0 26066
+11 0 26067
+2 0 26067
0xc6588 0 26067
+3 0 26067
+2 0 26067
+5 0 26067
+3 0 26067
+5 0 26067
+7 0 26067
cfn=(26) __nss_next2
calls=26067 0x11eb70 0 
* 0 729876
+5 0 26067
+2 0 26067
+6 0 26066
+5 0 26066
cfn=(92) _dl_mcount_wrapper_check
calls=26066 0x136860 0 
* 0 156396
+5 0 26066
+5 0 26066
+3 0 26066
+3 0 26066
+3 0 26066
+3 0 26066
cob=(3)
cfi=(3)
cfn=(22)
calls=26066 0x68a0 0 
* 0 265223364
cob=(3)
cfi=(3)
cfn=(22)
calls=1 0x68f9 0 
+3 0 390
+4 0 26067
+3 0 26067
+3 0 26067
0xc6640 0 260
+10 0 260
+7 0 260
+6 0 260
+5 0 260
+3 0 260
+3 0 260
+3 0 260
+3 0 260
cfn=(330)
calls=260 0x130770 0 
* 0 72360
+5 0 260
+4 0 260
+2 0 260
+13 0 26067
+5 0 26067
+9 0 26067
+6 0 26067
+4 0 26067
+7 0 26067
+1 0 26067
+1 0 26067
+2 0 26067
+2 0 26067
+2 0 26067
+2 0 26067
+7 0 26067
+5 0 26067
+3 0 26067
+2 0 26067
+5 0 26067
0xc6740 0 26067
+5 0 26067
cob=(4)
cfi=(2)
cfn=(6)
calls=26067 0x4893330 0 
* 0 312804
+5 0 26067
+5 0 26067
+4 0 26067
0xc6818 0 26067
+3 0 26067
+4 0 26067
+5 0 26067
+3 0 26067

fn=(28) getgrgid
0xc5b80 0 26066
+4 0 26066
+2 0 26066
+5 0 26066
+2 0 26066
+2 0 26066
+1 0 26066
+1 0 26066
+2 0 26066
+4 0 26066
+9 0 26066
+5 0 26066
+2 0 26066
+7 0 26066
+14 0 26066
+7 0 26066
+28 0 26066
+7 0 26066
+7 0 26066
+3 0 26066
+6 0 26066
+3 0 26066
+7 0 26066
+59 0 26066
+3 0 26066
+3 0 26066
+3 0 26066
+2 0 26066
cfn=(24)
calls=26066 0xc6400 0 
* 0 269026022
cfn=(24)
calls=1 0xc6694 0 
+4 0 471
+5 0 26067
+3 0 26067
+2 0 26067
+8 0 26067
+2 0 26067
+7 0 26067
+13 0 26067
+6 0 26067
+28 0 26067
+5 0 26067
+9 0 26067
+4 0 26067
+2 0 26067
+4 0 26067
+1 0 26067
+1 0 26067
+2 0 26067
+2 0 26067
+2 0 26067

fn=(142) _IO_seekoff_unlocked
0x74c80 0 52132
+4 0 52132
+3 0 52132
+6 0 52132
+2 0 52132
+3 0 52132
+1 0 52132
+4 0 52132
+2 0 52132
+71 0 52132
+7 0 52132
+7 0 52132
+7 0 52132
+3 0 52132
+3 0 52132
+3 0 52132
+3 0 52132
+2 0 52132
+4 0 52132
+4 0 52132
+3 0 52132
+1 0 52132
+2 0 52132
cfn=(144) _IO_file_seekoff@@GLIBC_2.2.5
calls=52132 0x7e370 0 
* 0 3023656

fn=(150) __underflow
0x809b0 0 52132
+4 0 52132
+1 0 52132
+3 0 52132
+1 0 52132
+4 0 52132
+6 0 52132
+2 0 52132
+16 0 52132
+7 0 52132
+6 0 52132
+4 0 52132
+4 0 52132
+6 0 52132
+7 0 52132
+2 0 52132
+5 0 52132
+22 0 52132
+7 0 52132
+7 0 52132
+7 0 52132
+3 0 52132
+3 0 52132
+3 0 52132
+3 0 52132
+6 0 52132
+4 0 52132
+4 0 52132
+3 0 52132
+1 0 52132
+1 0 52132
cfn=(152) _IO_file_underflow@@GLIBC_2.2.5
calls=52132 0x7fb10 0 
* 0 30716123
+8 0 52132
+5 0 52132
+59 0 52132
+3 0 52132

fn=(162) _int_malloc
0x858e0 0 99896
+2 0 99896
+4 0 99896
+2 0 99896
+3 0 99896
+2 0 99896
+3 0 99896
+2 0 99896
+1 0 99896
+1 0 99896
+7 0 99896
+4 0 99896
+6 0 95063
+4 0 95063
+4 0 95063
+3 0 95063
+3 0 95063
+3 0 95063
-3 0 4833
+3 0 4833
+6 0 99896
+2 0 99896
+6 0 99896
+3 0 99896
+6 0 99896
+3 0 99896
+4 0 99896
+7 0 99896
+6 0 42777
+5 0 42777
+4 0 42777
+4 0 42777
+3 0 42777
0x85a30 0 4833
+2 0 4833
+6 0 4833
+8 0 57119
+7 0 57119
+6 0 55948
+3 0 55948
+3 0 55948
+3 0 55948
+3 0 55948
+4 0 55948
+3 0 55948
+4 0 55948
+5 0 55948
+4 0 55948
+4 0 55948
+5 0 55948
+4 0 55948
+4 0 55948
+7 0 55948
+4 0 55948
+5 0 55948
+4 0 55948
+3 0 55948
+5 0 55948
+5 0 55948
+4 0 55948
+3 0 55948
+2 0 55948
+5 0 55948
+3 0 55948
+5 0 55948
+5 0 55948
+4 0 55948
+4 0 55948
+5 0 55948
+4 0 55948
+2 0 55948
+4 0 55948
+4 0 55948
+2 0 3816
+4 0 3816
+4 0 3816
+6 0 3816
+3 0 3816
+4 0 3816
+2 0 3816
-6 0 52132
+4 0 52132
+2 0 52132
+6 0 96150
+4 0 96150
+7 0 96150
+5 0 96150
+3 0 96150
+2 0 96150
+5 0 96150
+4 0 96150
+6 0 96150
+2 0 96150
+7 0 96150
+4 0 96150
+5 0 96150
+8 0 96150
+4 0 96150
+5 0 96150
+5 0 96150
+4 0 96150
+3 0 96150
+6 0 83839
+7 0 83839
+7 0 83839
+3 0 83839
+5 0 83839
+5 0 83839
+3 0 83839
+3 0 83839
+5 0 83839
+4 0 83839
+5 0 83839
+4 0 83839
+5 0 83839
+4 0 83839
+4 0 83839
+4 0 83839
+4 0 83839
-16 0 15486
+4 0 15486
+4 0 15486
+4 0 15486
+4 0 15486
+6 0 99325
+7 0 99325
+3 0 99325
+6 0 99325
+4 0 99325
+4 0 99325
+6 0 99325
+3 0 99325
+6 0 99325
+3 0 99325
+4 0 99325
+3 0 99325
+6 0 99325
+4 0 99325
+4 0 99325
+6 0 99325
+4 0 99325
+6 0 99325
+2 0 99325
+6 0 99325
+7 0 99325
+2 0 31153
+3 0 31153
+6 0 75760
+4 0 75760
+4 0 75760
+3 0 75760
+6 0 74363
+7 0 74363
+6 0 22768
+3 0 22768
+4 0 22768
+4 0 22768
+2 0 22768
+5 0 22768
+3 0 22768
+4 0 22768
+4 0 22768
+6 0 22768
+5 0 22768
+3 0 22768
+3 0 22768
+3 0 22768
+8 0 22768
+4 0 22768
+4 0 22768
+4 0 22768
+4 0 22768
+4 0 22768
+3 0 22768
-55 0 51595
+4 0 51595
+6 0 51595
+5 0 51595
+3 0 51595
+3 0 51595
+3 0 51595
+8 0 51595
+4 0 51595
+4 0 51595
+4 0 51595
+4 0 51595
+4 0 51595
+3 0 51595
+6 0 11
+3 0 11
+6 0 11
+5 0 11
+6 0 1219
+9 0 1219
+5 0 1219
+4 0 1219
+4 0 1219
+6 0 1219
+3 0 1219
+6 0 1219
+3 0 1219
+4 0 1219
+4 0 1219
+8 0 1219
+60 0 43948
+5 0 43948
+5 0 43948
+4 0 43948
+4 0 43948
+3 0 43948
+6 0 3746
+4 0 3746
+4 0 3746
+6 0 3746
+7 0 3746
+6 0 3746
+4 0 3746
+4 0 3746
+3 0 3746
+7 0 3746
+7 0 3746
+4 0 3746
+3 0 3746
+2 0 3746
+4 0 3746
+4 0 3746
+7 0 3746
+2 0 3746
+7 0 3746
+5 0 3746
+4 0 3746
+4 0 3746
-4 0 4327
+4 0 4327
+3 0 8043
+4 0 8043
+3 0 8043
+2 0 4327
+3 0 4327
+6 0 8073
+3 0 8073
+2 0 30
+9 0 30
+6 0 30
+4 0 30
+2 0 30
-12 0 3716
+6 0 3716
+4 0 3716
+2 0 3716
+6 0 99896
+7 0 99896
+3 0 99896
+1 0 99896
+1 0 99896
+2 0 99896
+2 0 99896
+2 0 99896
+2 0 99896
+58 0 3685
+3 0 3685
cfn=(280) malloc_consolidate
calls=3685 0x83940 0 
* 0 2826757
+5 0 3685
+8 0 40202
+3 0 40202
+3 0 40202
+3 0 40202
+3 0 40202
+4 0 40202
+3 0 40202
+4 0 40202
+5 0 40202
+4 0 40202
+4 0 40202
+5 0 40202
+4 0 40202
+7 0 40202
+5 0 40202
+4 0 40202
+5 0 40202
+5 0 40202
+3 0 40202
+5 0 40202
+4 0 40202
+2 0 40202
+3 0 40202
+4 0 40202
+2 0 40202
+3 0 40202
+4 0 40202
+2 0 40202
+3 0 40202
+4 0 40202
+2 0 40202
+3 0 40202
+4 0 40202
+9 0 1397
+4 0 1397
+4 0 1397
+7 0 1397
+3 0 1397
+7 0 1397
+6 0 1397
+4 0 1397
+2 0 1224
+5 0 1224
+3 0 1224
+5 0 1224
+6 0 173
+5 0 173
+3 0 11
+4 0 11
+7 0 11
+6 0 11
+4 0 11
+3 0 11
-3 0 1224
+3 0 1224
+6 0 16
+6 0 16
+82 0 173
+6 0 173
+2 0 173
+50 0 51595
+3 0 51595
+4 0 51595
+7 0 51595
+6 0 51180
+3 0 51180
+4 0 51180
+7 0 51180
+6 0 29168
+3 0 29168
+4 0 29168
+4 0 29168
+4 0 29168
+2 0 29168
+5 0 29168
+4 0 29168
+4 0 29168
+3 0 29168
-26 0 22427
+4 0 22427
+4 0 22427
+2 0 22427
+5 0 22427
+4 0 22427
+4 0 22427
+3 0 22427
+6 0 500
+4 0 500
+4 0 500
+4 0 500
+4 0 500
+6 0 500
+3 0 500
+6 0 414
+4 0 414
+4 0 414
+4 0 414
+4 0 414
+4 0 414
+4 0 414
+10 0 74352
+4 0 74352
+7 0 74352
+2 0 74352
+4 0 74352
+3 0 74352
+6 0 71193
+7 0 71193
+2 0 55775
+4 0 55775
+4 0 55775
+5 0 55775
+3 0 55775
+4 0 55775
+3 0 55775
+2 0 15247
+4 0 15247
+6 0 57075
+4 0 57075
+3 0 57075
+2 0 57075
+2 0 57075
+5 0 57075
+5 0 57075
+3 0 57075
+2 0 57075
+3 0 57075
+8 0 57075
+5 0 57075
+2 0 57075
-2 0 7617
+2 0 7617
+6 0 55437
+2 0 55437
+6 0 477896
+2 0 477896
+6 0 421461
+4 0 421461
+2 0 421461
+50 0 415
+3 0 415
+4 0 415
+9 0 1224
+9 0 1224
+6 0 1224
+5 0 1224
+3 0 1224
+4 0 1224
+4 0 1224
+4 0 1224
+3 0 1224
+4 0 1224
+3 0 1224
+11 0 31037
+4 0 31037
+6 0 29799
+5 0 29799
+6 0 23565
+4 0 23565
+3 0 23565
+5 0 23565
+4 0 23565
+4 0 23565
+4 0 23565
+4 0 23565
+4 0 23565
+7 0 23565
+2 0 13001
+8 0 13001
+8 0 13001
+7 0 13001
+3 0 13001
+3 0 13001
+3 0 13001
+4 0 13001
+3 0 13001
+4 0 13001
+4 0 13001
+3 0 13001
+4 0 13001
+4 0 13001
+6 0 13001
+3 0 13001
+4 0 13001
+2 0 13001
-57 0 10564
+7 0 10564
+3 0 10564
+3 0 10564
+3 0 10564
+4 0 10564
+3 0 10564
+4 0 10564
+4 0 10564
+3 0 10564
+4 0 10564
+4 0 10564
+6 0 10564
+3 0 10564
+4 0 10564
+2 0 10564
+57 0 11322
+3 0 11322
+8 0 11322
+2 0 11322
+6 0 19579
+3 0 19579
+3 0 19579
+2 0 8257
+4 0 8257
+4 0 8257
+4 0 8257
+7 0 8257
+6 0 8257
+4 0 8257
+3 0 8257
+6 0 10
+5 0 10
+4 0 10
+2 0 10
0x862a0 0 56435
+4 0 56435
+3 0 56435
+6 0 7617
+2 0 7617
+4 0 7617
+2 0 7617
+2 0 7617
+2 0 7617
+8 0 7617
+31 0 4327
+4 0 4327
+6 0 4327
+3 0 4327
+7 0 4327
+4 0 4327
+4 0 4327
+3 0 4327
+4 0 4327
+4 0 4327
+4 0 4327
+3 0 4327
+4 0 4327
+4 0 4327
+58 0 51095
+4 0 51095
+4 0 51095
+3 0 51095
+4 0 51095
+9 0 22012
+3 0 22012
+4 0 22012
+7 0 22012
+6 0 21271
+3 0 21271
+4 0 21271
+61 0 86
+4 0 86
+2 0 86
+6 0 86
+4 0 86
+3 0 86
+45 0 86
+6 0 19
+4 0 19
+4 0 19
+4 0 19
+4 0 19
+4 0 19
+6 0 19
+4 0 19
+4 0 19
+3 0 19
+4 0 19
+4 0 19
+4 0 19
-8 0 67
+4 0 67
+4 0 67
+6 0 86
+4 0 86
+46 0 1109
+2 0 1109
+3 0 1109
+3 0 1109
+5 0 1109
+5 0 1109
+5 0 741
+3 0 741
+4 0 741
+7 0 741
+2 0 338
+3 0 338
+4 0 338
+5 0 67
+4 0 67
+2 0 403
+3 0 403
+5 0 403
+4 0 403
+7 0 403
+4 0 403
+3 0 403
+4 0 403
+36 0 48818
+4 0 48818
+5 0 48818
+4 0 48818
+3 0 48818
+6 0 48818
+3 0 48818
+3 0 48818
+5 0 48818
+3 0 48818
+4 0 48818
cfn=(12) unlink_chunk.isra.0
calls=48818 0x83870 0 
* 0 1360497
+5 0 48818
+4 0 48818
+4 0 48818
+5 0 48818
+6 0 43877
+4 0 43877
+4 0 43877
+4 0 43877
+6 0 43877
+4 0 43877
+4 0 43877
+4 0 43877
+4 0 43877
+7 0 43877
+2 0 7185
+4 0 7185
+7 0 7185
-7 0 36692
+7 0 36692
+2 0 36332
+8 0 36332
+8 0 36332
+7 0 36332
+3 0 36332
+3 0 36332
+3 0 36332
+4 0 36332
+3 0 36332
+4 0 36332
+4 0 36332
+3 0 36332
+4 0 36332
+4 0 36332
+4 0 36332
+6 0 36332
+4 0 36332
+2 0 36332
-58 0 7545
+7 0 7545
+3 0 7545
+3 0 7545
+3 0 7545
+4 0 7545
+3 0 7545
+4 0 7545
+4 0 7545
+3 0 7545
+4 0 7545
+4 0 7545
+4 0 7545
+6 0 7545
+4 0 7545
+2 0 7545
-12 0 4941
+6 0 4941
+4 0 4941
+2 0 4941
+11 0 4941
+7 0 4941
+6 0 4941
+3 0 4941
0x86632 0 8247
+7 0 8247
+3 0 8247
+4 0 8247
+5 0 8247
+3 0 8247
+4 0 8247
+3 0 8247
+4 0 8247
+4 0 8247
+3 0 8247
+4 0 8247
+3 0 8247
+4 0 8247
+4 0 8247
+4 0 8247
+6 0 8247
+2 0 8247
+42 0 10
+3 0 10
+3 0 10
+5 0 10
cfn=(336)
calls=10 0x850a0 0 
* 0 1613
+5 0 10
+3 0 10
+3 0 10
+6 0 10
+6 0 10
+2 0 10
+11 0 14118
+5 0 14118
+4 0 14118
+2 0 5
+4 0 5
+4 0 5
+3 0 5
+4 0 5
+3 0 5
-14 0 14118
+4 0 14118
+3 0 14118
+4 0 14118
+3 0 14118
+2 0 14118
+4 0 14118
+2 0 5
+4 0 5
+4 0 5
+4 0 5
+3 0 5
+3 0 5
+4 0 5
cfn=(12)
calls=5 0x83870 0 
* 0 155
-10 0 14113
+3 0 14113
+3 0 14113
+4 0 14113
cfn=(12)
calls=14113 0x83870 0 
* 0 437503
+5 0 14118
+3 0 14118
+4 0 14118
+4 0 14118
+6 0 14023
+4 0 14023
+4 0 14023
+4 0 14023
+2 0 14023
+4 0 14023
+4 0 14023
+4 0 14023
+4 0 14023
+7 0 14023
+2 0 1
+8 0 1
+8 0 1
+7 0 1
+3 0 1
+3 0 1
+3 0 1
+4 0 1
+3 0 1
+4 0 1
+4 0 1
+3 0 1
+4 0 1
+4 0 1
+4 0 1
+6 0 1
+4 0 1
+2 0 1
-58 0 14022
+7 0 14022
+3 0 14022
+3 0 14022
+3 0 14022
+4 0 14022
+3 0 14022
+4 0 14022
+4 0 14022
+3 0 14022
+4 0 14022
+4 0 14022
+4 0 14022
+6 0 14022
+4 0 14022
+2 0 14022
-12 0 95
+6 0 95
+4 0 95
+2 0 95
+23 0 95
+7 0 95
+6 0 95
+3 0 95

fn=(76) _lxstat
0xec800 0 74775
+4 0 74775
+3 0 74775
+3 0 74775
+3 0 74775
+4 0 74775
+2 0 74775
+5 0 74775
+2 0 74775
+6 0 74775
+2 0 74775

fn=(152)
0x7fb10 0 52132
+4 0 52132
+2 0 52132
+2 0 52132
+6 0 52132
+2 0 52132
+2 0 52132
+2 0 52132
+1 0 52132
+1 0 52132
+3 0 52132
+2 0 52132
+6 0 52132
+4 0 52132
+4 0 52132
+6 0 52132
+5 0 52132
+6 0 52132
+7 0 52132
+7 0 52132
+3 0 52132
+5 0 52132
0x7fc10 0 52132
+3 0 52132
cfn=(164)
calls=52132 0x80860 0 
* 0 1303300
+5 0 52132
+7 0 52132
+4 0 52132
+3 0 52132
+4 0 52132
+3 0 52132
+4 0 52132
+4 0 52132
+4 0 52132
+4 0 52132
+4 0 52132
+3 0 52132
+6 0 52132
+4 0 52132
+3 0 52132
+3 0 52132
cfn=(166) _IO_file_read
calls=52132 0x7ef40 0 
* 0 625584
+4 0 52132
+3 0 52132
+2 0 52132
+7 0 52132
+4 0 52132
+4 0 52132
+12 0 52132
+4 0 52132
+3 0 52132
+1 0 52132
+1 0 52132
+2 0 52132
+2 0 52132
+2 0 52132
0x7fd10 0 52132
+4 0 52132
+3 0 52132
+13 0 52132
+3 0 52132
cfn=(154) _IO_doallocbuf
calls=52132 0x80c60 0 
* 0 25607187
+5 0 52132
+2 0 52132

fn=(154)
0x80c60 0 52132
+4 0 52132
+5 0 52132
+7 0 52132
+2 0 52132
+1 0 52132
+1 0 52132
+2 0 52132
+3 0 52132
+2 0 52132
+12 0 52132
+7 0 52132
+7 0 52132
+7 0 52132
+3 0 52132
+3 0 52132
+3 0 52132
+3 0 52132
+2 0 52132
+3 0 52132
cfn=(156) _IO_file_doallocate
calls=52132 0x726a0 0 
* 0 24251755
+3 0 52132
+3 0 52132
+44 0 52132
+1 0 52132
+1 0 52132
+2 0 52132

fn=(156)
0x726a0 0 52132
+4 0 52132
+2 0 52132
+1 0 52132
+3 0 52132
+1 0 52132
+7 0 52132
+9 0 52132
+8 0 52132
+2 0 52132
+3 0 52132
+2 0 52132
+6 0 52132
+7 0 52132
+7 0 52132
+7 0 52132
+3 0 52132
+3 0 52132
+3 0 52132
+3 0 52132
+6 0 52132
+3 0 52132
+3 0 52132
cfn=(158) _IO_file_stat
calls=52132 0x7e960 0 
* 0 834112
+6 0 52132
+2 0 52132
+2 0 52132
+4 0 52132
+5 0 52132
+5 0 52132
+6 0 52132
+5 0 52132
+4 0 52132
+6 0 52132
+2 0 52132
+3 0 52132
cob=(4)
cfi=(2)
cfn=(106)
calls=52132 0x4893310 0 
* 0 19299215
+5 0 52132
+3 0 52132
+3 0 52132
+2 0 52132
+4 0 52132
+5 0 52132
+3 0 52132
cfn=(4) _IO_setb
calls=52132 0x80c00 0 
* 0 1459696
+5 0 52132
+5 0 52132
+8 0 52132
+9 0 52132
+6 0 52132
+7 0 52132
+1 0 52132
+1 0 52132
+2 0 52132

fn=(4)
0x80c00 0 104265
+4 0 104265
+2 0 104265
+3 0 104265
+2 0 104265
+3 0 104265
+1 0 104265
+2 0 104265
+1 0 104265
+3 0 104265
+4 0 104265
+4 0 104265
+2 0 104265
+3 0 104265
+2 0 52133
+2 0 52133
+2 0 104265
+2 0 104265
+3 0 104265
+4 0 104265
+3 0 104265
+2 0 104265
+4 0 104265
+3 0 104265
+2 0 104265
+4 0 104265
+1 0 104265
+1 0 104265
+2 0 104265
+2 0 104265
+7 0 52133
cob=(4)
cfi=(2)
cfn=(6)
calls=52133 0x4893330 0 
* 0 7834778
+5 0 52133
+2 0 52133

fn=(218) _IO_unsave_markers
0x82050 0 52132
+4 0 52132
+5 0 52132
+10 0 52132
+5 0 52132
+8 0 52132

fn=(26)
0x11eb70 0 52133
+4 0 52133
+2 0 52133
+3 0 52133
+2 0 52133
+2 0 52133
+3 0 52133
+1 0 52133
+3 0 52133
+1 0 52133
+3 0 52133
+3 0 52133
0x11ec16 0 52133
+1 0 52133
+3 0 52133
+1 0 52133
+2 0 52133
+2 0 52133
+2 0 52133
+7 0 52133
+4 0 52133
+4 0 52133
+2 0 52133
+3 0 52133
+3 0 52133
+6 0 52133
+6 0 52133
+6 0 52133

fn=(342) brk
0xf30f0 0 48
+4 0 48
+5 0 48
+2 0 48
+6 0 48
+2 0 48
+7 0 48
+3 0 48
+3 0 48
+2 0 48
+2 0 48

fn=(280)
0x83940 0 3816
+2 0 3816
+4 0 3816
+2 0 3816
+2 0 3816
+4 0 3816
+2 0 3816
+3 0 3816
+1 0 3816
+1 0 3816
+4 0 3816
+7 0 3816
+5 0 3816
+2 0 3816
+4 0 3816
+3 0 3816
-9 0 34344
+2 0 34344
+4 0 34344
+3 0 34344
+2 0 38160
+4 0 38160
+5 0 38160
+2 0 3816
+4 0 3816
+1 0 3816
+1 0 3816
+2 0 3816
+2 0 3816
+2 0 3816
+2 0 3816
+7 0 46705
+6 0 46705
+6 0 24335
+5 0 24335
+5 0 24335
+5 0 24335
+4 0 24335
+7 0 24335
-21 0 22370
+5 0 22370
+5 0 22370
+4 0 22370
+7 0 22370
+2 0 6937
+8 0 6937
+8 0 6937
+5 0 6937
+3 0 6937
+4 0 6937
+4 0 6937
+4 0 6937
+4 0 6937
+4 0 6937
+3 0 6937
-31 0 39768
+5 0 39768
+3 0 39768
+4 0 39768
+4 0 39768
+4 0 39768
+4 0 39768
+4 0 39768
+3 0 39768
-3 0 32
+3 0 32
+2 0 40019
+3 0 40019
+4 0 40019
+2 0 40019
+3 0 40019
+3 0 40019
+5 0 40019
+3 0 40019
-20 0 6718
+4 0 6718
+2 0 6718
+3 0 6718
+3 0 6718
+5 0 6718
+3 0 6718
+6 0 46737
+3 0 46737
+4 0 46737
+4 0 46737
+4 0 46737
+4 0 46737
+4 0 46737
+2 0 46737
+2 0 11196
+3 0 11196
+3 0 11196
+3 0 11196
+4 0 11196
+4 0 11196
+3 0 11196
+2 0 11196
+3 0 11196
+4 0 11196
cfn=(12)
calls=11196 0x83870 0 
* 0 204854
+5 0 11196
+4 0 11196
+5 0 11196
-5 0 35541
+5 0 35541
+6 0 32
+3 0 32
+4 0 32
+4 0 32
+5 0 32
+6 0 22370
+3 0 22370
+4 0 22370
+3 0 22370
cfn=(12)
calls=22370 0x83870 0 
* 0 421377
+5 0 22370
+4 0 22370

fn=(318) nscd_getpw_r
0x12fba0 0 260
+2 0 260
+3 0 260
+5 0 260
+2 0 260
+3 0 260
+7 0 260
+2 0 260
+3 0 260
+7 0 260
+2 0 260
+3 0 260
+1 0 260
+1 0 260
+3 0 260
+7 0 260
+8 0 260
+5 0 260
+5 0 260
+5 0 260
+5 0 260
+9 0 260
+8 0 260
+2 0 260
cfn=(320) __nscd_get_map_ref
calls=260 0x1334c0 0 
* 0 4940
+5 0 260
+3 0 260
+4 0 260
0x12fc7d 0 260
+8 0 260
+9 0 260
+6 0 260
+7 0 260
+3 0 260
+1 0 260
+1 0 260
+2 0 260
+2 0 260
+2 0 260
+2 0 260
+80 0 260
+3 0 260
+5 0 260
+3 0 260
+3 0 260
+6 0 260
cfn=(322)
calls=260 0x133790 0 
* 0 29380
+5 0 260
+2 0 260
+3 0 260
+7 0 260
+4 0 260
+80 0 260
+4 0 260
0x12ff00 0 260
+10 0 260
+6 0 260

fn=(18) _IO_file_finish@@GLIBC_2.2.5
0x7f380 0 52133
+4 0 52133
+1 0 52133
+3 0 52133
+1 0 52133
+4 0 52133
+4 0 52133
+89 0 52133
+4 0 52133
+3 0 52133
+2 0 52133
+1 0 52133
+1 0 52133
cfn=(20) _IO_default_finish
calls=52133 0x813d0 0 
* 0 834128

fn=(90) getpwuid_r@@GLIBC_2.2.5
0xc8600 0 26066
+4 0 26066
+2 0 26066
+2 0 26066
+3 0 26066
+2 0 26066
+3 0 26066
+2 0 26066
+3 0 26066
+1 0 26066
+3 0 26066
+1 0 26066
+4 0 26066
+5 0 26066
+9 0 26066
+5 0 26066
+2 0 26066
+6 0 26066
+2 0 26066
+6 0 26066
+3 0 26066
+3 0 26066
+6 0 25806
+6 0 25806
+7 0 25806
-7 0 260
+7 0 260
+6 0 26066
+7 0 26066
+4 0 26066
+9 0 26066
+5 0 26066
+7 0 26066
+4 0 26066
+9 0 26066
+4 0 26066
+5 0 26066
+3 0 26066
+3 0 26066
+4 0 26066
+4 0 26066
+2 0 26066
+6 0 26066
+7 0 26066
+9 0 26066
+8 0 26066
+9 0 26066
+4 0 26066
+3 0 26066
+12 0 26066
+4 0 26066
+2 0 26066
+42 0 26066
+3 0 26066
+2 0 26066
+5 0 26066
+3 0 26066
+5 0 26066
+7 0 26066
cfn=(26)
calls=26066 0x11eb70 0 
* 0 729848
+5 0 26066
+2 0 26066
+6 0 26066
+5 0 26066
cfn=(92)
calls=26066 0x136860 0 
* 0 156396
+5 0 26066
+3 0 26066
+3 0 26066
+3 0 26066
+3 0 26066
+3 0 26066
cob=(3)
cfi=(3)
cfn=(94)
calls=26066 0x6d20 0 
* 0 213651091
+4 0 26066
+2 0 26066
+3 0 26066
+72 0 260
+10 0 260
+7 0 260
+6 0 260
+5 0 260
+3 0 260
+3 0 260
+3 0 260
+3 0 260
cfn=(314) __nscd_getpwuid_r
calls=260 0x130010 0 
* 0 68720
+5 0 260
+4 0 260
+2 0 260
+13 0 26066
+5 0 26066
+9 0 26066
+6 0 26066
+4 0 26066
+4 0 26066
+1 0 26066
+1 0 26066
+2 0 26066
+2 0 26066
+2 0 26066
+2 0 26066
+10 0 26066
+5 0 26066
+3 0 26066
+2 0 26066
+5 0 26066
+57 0 26066
+5 0 26066
cob=(4)
cfi=(2)
cfn=(6)
calls=26066 0x4893330 0 
* 0 312792
+5 0 26066
+5 0 26066
+3 0 26066
0xc8968 0 26066
+3 0 26066
+4 0 26066
+4 0 26066
+3 0 26066

fn=(324)
0x132c50 0 520
+1 0 520
+3 0 520
+2 0 520
+2 0 520
+3 0 520
+2 0 520
+2 0 520
+3 0 520
+5 0 520
+2 0 520
+1 0 520
+7 0 520
+6 0 520
+5 0 520
+9 0 520
+4 0 520
+2 0 520
cfn=(326) socket
calls=520 0xfd760 0 
* 0 3120
+5 0 520
+2 0 520
+6 0 520
+3 0 520
+4 0 520
+5 0 520
+8 0 520
+4 0 520
+7 0 520
+3 0 520
+7 0 520
+3 0 520
+5 0 520
+10 0 520
+4 0 520
+5 0 520
+7 0 520
+4 0 520
+7 0 520
cfn=(328) connect
calls=520 0xfd130 0 
* 0 7280
+5 0 520
+2 0 520
+2 0 520
+7 0 520
+4 0 520
+90 0 520
+4 0 520
+9 0 520
+6 0 520
+4 0 520
+3 0 520
+1 0 520
+2 0 520
+2 0 520
+2 0 520
+2 0 520
+1 0 520
0x132e50 0 520
+3 0 520
+6 0 520
cfn=(0) __close_nocancel
calls=520 0xf2330 0 
* 0 3120
+5 0 520

fn=(334) systrim.isra.0.constprop.0
0x84600 0 879
+2 0 879
+2 0 879
+1 0 879
+1 0 879
+4 0 879
+7 0 879
+4 0 879
+4 0 879
+4 0 879
+3 0 879
+2 0 879
+7 0 879
+3 0 879
+4 0 879
+3 0 879
+3 0 879
+3 0 879
+2 0 38
+7 0 38
+2 0 38
cfn=(338)
calls=38 0x89130 0 
* 0 1026
+4 0 38
+3 0 38
+7 0 38
+3 0 38
+3 0 38
+2 0 841
+2 0 841
+4 0 841
+1 0 841
+1 0 841
+2 0 841
+2 0 841
-10 0 38
+4 0 38
+1 0 38
+1 0 38
+2 0 38
+2 0 38
+10 0 38
+3 0 38
+3 0 38
cfn=(338)
calls=38 0x89130 0 
* 0 1862
+4 0 38
+7 0 38
+3 0 38
+3 0 38
+2 0 38
+2 0 38
cfn=(338)
calls=38 0x89130 0 
* 0 1026
+4 0 38
+3 0 38
+2 0 38
+3 0 38
+2 0 38
+7 0 38
+3 0 38
+7 0 38
+4 0 38
+4 0 38
+5 0 38

fn=(0)
0xf2330 0 56466
+4 0 56466
+5 0 56466
+2 0 56467
+6 0 56467
+2 0 56467

fn=(10)
0x846d0 0 262875
+2 0 262875
+2 0 262875
+2 0 262875
+2 0 262875
+1 0 262875
+1 0 262875
+4 0 262875
+9 0 262875
+5 0 262875
+2 0 262875
+4 0 262875
+3 0 262875
+4 0 262875
+3 0 262875
+3 0 262875
+3 0 262875
+6 0 262875
+3 0 262875
+4 0 262875
+6 0 262875
+4 0 262875
+6 0 262875
+2 0 262875
+6 0 262875
+7 0 262875
+3 0 262875
+4 0 262875
+3 0 262875
+2 0 262875
+4 0 262875
+3 0 262875
+4 0 262875
+7 0 262875
+2 0 206928
+4 0 206928
+4 0 206928
+6 0 206928
+5 0 206928
+7 0 206928
+3 0 206928
+6 0 103874
+7 0 103874
+6 0 46737
+5 0 46737
+4 0 46737
+4 0 46737
+6 0 46737
+4 0 46737
+8 0 46737
+6 0 46737
+6 0 46737
+2 0 46737
+6 0 46737
+9 0 46737
+3 0 46737
+3 0 46737
+7 0 46737
+4 0 46737
+4 0 46737
+2 0 46737
+2 0 46737
+6 0 46737
+3 0 46737
+6 0 46737
+4 0 46737
+4 0 46737
+3 0 46737
+2 0 40019
+3 0 40019
+17 0 262875
+5 0 262875
+9 0 262875
+6 0 262875
+4 0 262875
+1 0 262875
+1 0 262875
+2 0 262875
+2 0 262875
+2 0 262875
+2 0 262875
+11 0 57137
+2 0 57137
+6 0 57137
+7 0 57137
+2 0 57137
+2 0 57137
+11 0 57137
+6 0 57137
+5 0 57137
+5 0 57137
+3 0 57137
+6 0 57137
+6 0 57137
+6 0 57137
+4 0 57137
+2 0 57137
+6 0 57137
+3 0 57137
+4 0 57137
+4 0 57137
+6 0 57137
+8 0 57137
+6 0 57137
+6 0 57137
+2 0 57137
+6 0 57137
+4 0 57137
+2 0 31
+4 0 31
+3 0 31
+3 0 31
+4 0 31
+4 0 31
+3 0 31
+6 0 31
+3 0 31
cfn=(12)
calls=31 0x83870 0 
* 0 580
+5 0 57137
+5 0 57137
+6 0 52188
+6 0 52188
+6 0 1397
+5 0 1397
+5 0 1397
+5 0 1397
+4 0 1397
-14 0 50791
+5 0 50791
+5 0 50791
+4 0 50791
+6 0 52188
+4 0 52188
+4 0 52188
+7 0 52188
+6 0 52188
+5 0 52188
+4 0 52188
+3 0 52188
+4 0 52188
+4 0 52188
+5 0 52188
+7 0 52188
-7 0 4949
+7 0 4949
+6 0 57137
+3 0 57137
+77 0 159001
+7 0 159001
+6 0 159001
+4 0 159001
+3 0 159001
+4 0 159001
+4 0 159001
+4 0 159001
+4 0 159001
+4 0 159001
0x84a70 0 51007
+8 0 51007
+8 0 51007
0x84af8 0 4494
+5 0 4494
+2 0 4494
+6 0 4494
+7 0 4494
+3 0 4494
+65 0 4949
+3 0 4949
+3 0 4949
+4 0 4949
+4 0 4949
+5 0 4949
+93 0 50791
+3 0 50791
+3 0 50791
cfn=(12)
calls=50791 0x83870 0 
* 0 1023627
+5 0 50791
0x84c30 0 57137
+4 0 57137
+4 0 57137
+3 0 57137
+3 0 57137
+58 0 131
+3 0 131
cfn=(280)
calls=131 0x83940 0 
* 0 20551
+5 0 131
0x84d00 0 4494
+5 0 4494
+4 0 4494
+4 0 4494
+7 0 4494
+6 0 879
+7 0 879
cfn=(334)
calls=879 0x84600 0 
* 0 26915
+5 0 879

fn=(118) _IO_file_open
0x7f420 0 52132
+4 0 52132
+2 0 52132
+2 0 52132
+1 0 52132
+3 0 52132
+1 0 52132
+3 0 52132
+3 0 52132
+2 0 52132
+2 0 52132
+4 0 52132
+14 0 52132
+3 0 52132
+6 0 52132
+2 0 52132
+2 0 52132
+6 0 52132
+4 0 52132
+5 0 52132
+6 0 52132
+2 0 52132
+2 0 52132
+6 0 52132
+59 0 52132
+3 0 52132
cfn=(114) _IO_link_in
calls=52132 0x80390 0 
* 0 886244
+5 0 52132
+3 0 52132
+1 0 52132
+1 0 52132
+2 0 52132
+49 0 52132
cfn=(120) __open_nocancel
calls=52132 0xf2480 0 
* 0 1407564
+5 0 52132
+3 0 52132

fn=(120)
0xf2480 0 55948
+4 0 55948
+4 0 55948
+3 0 55948
+3 0 55948
+3 0 55948
+5 0 55948
+9 0 55948
+5 0 55948
+2 0 55948
+4 0 55948
+2 0 55948
+2 0 55948
+5 0 55948
+5 0 55948
+2 0 55948
+3 0 55948
+3 0 55948
+5 0 55948
+5 0 55948
+2 0 55948
+6 0 55948
+2 0 55948
+5 0 55948
+9 0 55948
+2 0 55948
+4 0 55948

fn=(122) __GI_strstr
0x8bf90 0 52132
+4 0 52132
+2 0 52132
+3 0 52132
+2 0 52132
+2 0 52132
+2 0 52132
+3 0 52132
+1 0 52132
+1 0 52132
+4 0 52132
+3 0 52132
+9 0 52132
+5 0 52132
+2 0 52132
+3 0 52132
+2 0 52132
cob=(4)
cfi=(2)
cfn=(124)
calls=52132 0x4893470 0 
* 0 1251168
+5 0 52132
+3 0 52132
+3 0 52132
0x8c030 0 52132
+5 0 52132
+9 0 52132
+6 0 52132
+4 0 52132
+3 0 52132
+1 0 52132
+1 0 52132
+2 0 52132
+2 0 52132
+2 0 52132
+2 0 52132

fn=(284) readdir
0xc49b0 0 56340
+4 0 56340
+2 0 56340
+5 0 56340
+2 0 56340
+2 0 56340
+1 0 56340
+1 0 56340
+3 0 56340
+4 0 56340
+7 0 56340
+5 0 56340
+7 0 56340
+11 0 56340
+4 0 56340
+25 0 56340
+4 0 56340
+4 0 56340
+5 0 52526
+3 0 52526
+5 0 52526
+3 0 52526
+4 0 52526
+4 0 52526
+4 0 52526
+4 0 52526
+2 0 56340
+4 0 56340
+4 0 56340
+2 0 7630
+4 0 7630
+2 0 7630
+3 0 7630
cfn=(286) __getdents
calls=7630 0xc4970 0 
* 0 45780
+5 0 7630
+3 0 7630
+2 0 3816
+4 0 3816
+6 0 3816
+2 0 3816
+10 0 3814
+2 0 3814
+5 0 3814
+3 0 3814
+7 0 3814
-7 0 52526
+7 0 52526
+10 0 56340
+3 0 56340
+25 0 56340
+4 0 56340
+3 0 56340
+1 0 56340
+1 0 56340
+2 0 56340
+2 0 56340

fn=(332)
0x1300a0 0 260
+2 0 260
+3 0 260
+7 0 260
+2 0 260
+3 0 260
+2 0 260
+3 0 260
+2 0 260
+3 0 260
+1 0 260
+1 0 260
+3 0 260
+7 0 260
+8 0 260
+5 0 260
+5 0 260
+5 0 260
+5 0 260
+7 0 260
+5 0 260
+4 0 260
+9 0 260
+8 0 260
+2 0 260
+8 0 260
+12 0 260
+5 0 260
+8 0 260
cfn=(320)
calls=260 0x1334c0 0 
* 0 4940
+5 0 260
+3 0 260
+3 0 260
+3 0 260
+3 0 260
+3 0 260
+5 0 260
+5 0 260
+4 0 260
0x130214 0 260
+4 0 260
+35 0 260
+8 0 260
+5 0 260
+7 0 260
+8 0 260
+9 0 260
+6 0 260
+7 0 260
+3 0 260
+1 0 260
+1 0 260
+2 0 260
+2 0 260
+2 0 260
+2 0 260
+85 0 260
+5 0 260
+5 0 260
+5 0 260
+3 0 260
+6 0 260
cfn=(322)
calls=260 0x133790 0 
* 0 29380
+5 0 260
+3 0 260
+3 0 260
+30 0 260
+3 0 260
0x1305c0 0 260
+10 0 260
+5 0 260

fn=(2) _IO_file_close_it@@GLIBC_2.2.5
0x7f1e0 0 52132
+4 0 52132
+2 0 52132
+1 0 52132
+1 0 52132
+4 0 52132
+4 0 52132
+6 0 52132
+2 0 52132
+3 0 52132
+2 0 52132
+5 0 52132
+5 0 52132
+6 0 52132
+3 0 52132
+3 0 52132
cfn=(218)
calls=52132 0x82050 0 
* 0 312792
+5 0 52132
+4 0 52132
+2 0 52132
+7 0 52132
+7 0 52132
+7 0 52132
+3 0 52132
+3 0 52132
+3 0 52132
+3 0 52132
+6 0 52132
+3 0 52132
cfn=(220) _IO_file_close
calls=52132 0x7dbe0 0 
* 0 469188
cfn=(0)
calls=1 0xf2343 0 
+7 0 3
+8 0 52133
+3 0 52133
+6 0 52133
+2 0 52133
+92 0 52133
+2 0 52133
+2 0 52133
+2 0 52133
+3 0 52133
cfn=(4)
calls=52133 0x80c00 0 
* 0 9555167
+5 0 52133
+8 0 52133
+3 0 52133
+8 0 52133
+8 0 52133
+8 0 52133
+8 0 52133
+8 0 52133
cfn=(14) _IO_un_link
calls=52133 0x80370 0 
* 0 208532
+5 0 52133
+3 0 52133
+6 0 52133
+7 0 52133
+4 0 52133
+11 0 52133
+3 0 52133
+1 0 52133
+1 0 52133
+2 0 52133

fn=(186)
0x334e0 0 632087
+4 0 632087
+7 0 632087
+9 0 632087

fn=(320)
0x1334c0 0 520
+4 0 520
+2 0 520
+2 0 520
+2 0 520
+1 0 520
+1 0 520
+4 0 520
+4 0 520
+4 0 520
0x133578 0 520
+4 0 520
+7 0 520
+1 0 520
+3 0 520
+1 0 520
+2 0 520
+2 0 520
+2 0 520

fn=(12)
0x83870 0 147324
+4 0 147324
+4 0 147324
+3 0 147324
+4 0 147324
+4 0 147324
+6 0 147324
+4 0 147324
+4 0 147324
+4 0 147324
+2 0 147324
+4 0 147324
+2 0 147324
+4 0 147324
+4 0 147324
+7 0 147324
+2 0 93817
+4 0 93817
+3 0 93817
+2 0 51531
+4 0 51531
+2 0 51531
+4 0 51531
+4 0 51531
+2 0 51531
+5 0 51531
+2 0 51531
+4 0 51531
+4 0 51531
+4 0 51531
+4 0 51531
-4 0 95793
+4 0 95793

fn=(202)
0x3ee40 0 849197
+4 0 849197
+7 0 849197
+2 0 849197
+4 0 849197
cfn=(204) ____strtoul_l_internal
calls=849197 0x3f380 0 
* 0 117825963

fn=(258)
0x15ec40 0 414977
+4 0 414977
+2 0 414977
+3 0 414977
+4 0 414977
+3 0 414977
+3 0 414977
+45 0 414977
+3 0 414977
+4 0 414977
+4 0 414977
+4 0 414977
+2 0 414977
+2 0 414977
+2 0 298986
+4 0 298986
+3 0 298986
+3 0 298986
+3 0 298986
+3 0 298986
+11 0 115991
+4 0 115991
+4 0 115991
+4 0 115991
+2 0 115991
0x15ed50 0 115991
+4 0 115991
+3 0 115991
+3 0 115991
+3 0 115991

fn=(326)
0xfd760 0 520
+4 0 520
+5 0 520
+2 0 520
+6 0 520
+2 0 520

fn=(42) write
0xed1e0 0 1890937
+4 0 1890937
+7 0 1890937
+2 0 1890937
+2 0 1890937
+2 0 1890936
+5 0 1890936
+2 0 1890936
+6 0 1890936
+2 0 1890936

fn=(116) _IO_file_fopen@@GLIBC_2.2.5
0x7f510 0 52132
+4 0 52132
+2 0 52132
+2 0 52132
+2 0 52132
+2 0 52132
+1 0 52132
+1 0 52132
+4 0 52132
+9 0 52132
+5 0 52132
+2 0 52132
+4 0 52132
+6 0 52132
+3 0 52132
+3 0 52132
+3 0 52132
+2 0 52132
+41 0 52132
+5 0 52132
+9 0 52132
+6 0 52132
+4 0 52132
+3 0 52132
+1 0 52132
+1 0 52132
+2 0 52132
+2 0 52132
+2 0 52132
+2 0 52132
+28 0 52132
+4 0 52132
+3 0 52132
+7 0 52132
+4 0 52132
+4 0 52132
+2 0 52132
-10 0 104264
+4 0 104264
+4 0 104264
+2 0 104264
+2 0 156396
+2 0 156396
+6 0 104264
+3 0 104264
+2 0 104264
+2 0 104264
+3 0 104264
+4 0 104264
+3 0 104264
+6 0 104264
+3 0 104264
+2 0 52132
+3 0 52132
+3 0 52132
+2 0 52132
+5 0 52132
cfn=(118)
calls=52132 0x7f420 0 
* 0 4066296
+5 0 52132
+3 0 52132
+3 0 52132
+6 0 52132
+4 0 52132
+7 0 52132
cfn=(122)
calls=52132 0x8bf90 0 
* 0 2919392
+5 0 52132
+3 0 52132
+3 0 52132
0x7f714 0 52132
+4 0 52132
+6 0 52132
+5 0 52132
+4 0 52132
+41 0 52132
+2 0 52132
0x7f9a0 0 52132
+6 0 52132
+3 0 52132
+2 0 52132

fn=(166)
0x7ef40 0 52132
+4 0 52132
+4 0 52132
+4 0 52132
+3 0 52132
+17 0 52132
cfn=(168) __read_nocancel
calls=52132 0xf2600 0 
* 0 312792

fn=(168)
0xf2600 0 52132
+4 0 52132
+2 0 52132
+2 0 52132
+6 0 52132
+2 0 52132

fn=(172)
0x15aaa0 0 632087
+4 0 632087
+3 0 632087
+6 0 632087
+2 0 632087
+4 0 632087
+5 0 632087
+3 0 632087
+3 0 632087
+2 0 378382
+4 0 378382
+4 0 378382
+2 0 378382
+6 0 113552
+4 0 113552
+6 0 113552
+4 0 113552
+3 0 113552
+4 0 113552
+3 0 113552
+7 0 113552
+6 0 113552
+11 0 253705
+3 0 253705
+4 0 253705
+4 0 253705
+4 0 253705
+2 0 253705
+2 0 253705
+2 0 106205
+4 0 106205
+3 0 106205
+6 0 106205
+3 0 106205
+3 0 106205
+3 0 106205
+5 0 147500
+3 0 147500
+4 0 147500
+3 0 147500
+6 0 147500
+4 0 147500
+7 0 147500
+6 0 254462
+4 0 254462
+4 0 254462
+2 0 254462
+6 0 113900
+5 0 113900
+4 0 113900
+2 0 113900
+6 0 6823
+5 0 6823
+4 0 6823
+2 0 6823
0x15abfb 0 6590
+3 0 6590
+2 0 6590
+4 0 6590
+4 0 6590
+2 0 6590
0x15ac90 0 264830
+4 0 264830
+3 0 264830
+2 0 264830
+3 0 264830
+3 0 264830
0x15ad10 0 147152
+4 0 147152
+3 0 147152
+3 0 147152
+6 0 107077
+4 0 107077
+4 0 107077
+3 0 107077
+3 0 107077
+2 0 6823
+4 0 6823
+4 0 6823
+3 0 6823
+3 0 6823

fn=(216) __GI__IO_un_link.part.0
0x80090 0 52132
+1 0 52132
+1 0 52132
+3 0 52132
+4 0 52132
+6 0 52132
+9 0 52132
+5 0 52132
+2 0 52132
+2 0 52132
+40 0 52132
+9 0 52132
+7 0 52132
+2 0 52132
+5 0 52132
+2 0 52132
+7 0 52132
+14 0 52132
+7 0 52132
+28 0 52132
+7 0 52132
+6 0 52132
+2 0 52132
+7 0 52132
+3 0 52132
+2 0 52132
+6 0 52132
+5 0 52132
+6 0 52132
+7 0 52132
+9 0 52132
+4 0 52132
+6 0 52132
+5 0 52132
+7 0 52132
+11 0 52132
+4 0 52132
+24 0 52132
+2 0 52132
+7 0 52132
+7 0 52132
+2 0 52132
+5 0 52132
+4 0 52132
+5 0 52132
+3 0 52132
+2 0 52132
+4 0 52132
+3 0 52132
+6 0 52132
+7 0 52132
+4 0 52132
+2 0 52132
+2 0 52132
+2 0 52132
+7 0 52132
+5 0 52132
+6 0 52132
+2 0 52132
+8 0 52132
+7 0 52132
+10 0 52132
+3 0 52132
+24 0 52132
+6 0 52132
+11 0 52132
+3 0 52132
+6 0 52132
+2 0 52132
+11 0 52132
+7 0 52132
+13 0 52132
+6 0 52132
+28 0 52132
+2 0 52132
+29 0 52132
+5 0 52132
+9 0 52132
+6 0 52132
+4 0 52132
+1 0 52132
+1 0 52132
+4 0 52132
+9 0 52132
+7 0 52132
+4 0 52132

fn=(278)
0xc45b0 0 3816
+4 0 3816
+2 0 3816
+3 0 3816
+2 0 3816
+3 0 3816
+1 0 3816
+2 0 3816
+1 0 3816
+4 0 3816
+3 0 3816
+6 0 3816
+5 0 3816
+5 0 3816
+3 0 3816
+2 0 3816
+9 0 3816
+5 0 3816
+6 0 3816
+5 0 3816
+7 0 3816
+4 0 3816
+4 0 3816
cob=(4)
cfi=(2)
cfn=(106)
calls=3816 0x4893310 0 
* 0 4658790
+5 0 3816
+3 0 3816
+3 0 3816
+2 0 3816
+4 0 3816
+9 0 3816
+5 0 3816
+9 0 3816
+9 0 3816
+9 0 3816
+9 0 3816
+4 0 3816
+3 0 3816
+1 0 3816
+1 0 3816
+2 0 3816
+2 0 3816

fn=(314)
0x130010 0 260
+4 0 260
+2 0 260
+2 0 260
+3 0 260
+2 0 260
+3 0 260
+1 0 260
+3 0 260
+2 0 260
+1 0 260
+3 0 260
+5 0 260
+4 0 260
+9 0 260
+5 0 260
+2 0 260
+5 0 260
+5 0 260
cfn=(316)
calls=260 0x4fb00 0 
* 0 9700
+5 0 260
+5 0 260
+3 0 260
+3 0 260
+4 0 260
+3 0 260
+5 0 260
+3 0 260
+2 0 260
+3 0 260
cfn=(318)
calls=260 0x12fba0 0 
* 0 48620
+5 0 260
+1 0 260
+1 0 260
+5 0 260
+9 0 260
+2 0 260
+4 0 260
+1 0 260
+1 0 260
+2 0 260
+2 0 260

fn=(292) closedir
0xc47f0 0 3814
+4 0 3814
+3 0 3814
+2 0 3814
+1 0 3814
+2 0 3814
cob=(4)
cfi=(2)
cfn=(6)
calls=3814 0x4893330 0 
* 0 530920
+5 0 3814
+2 0 3814
+1 0 3814
cfn=(0)
calls=3814 0xf2330 0 
* 0 22884

fn=(316)
0x4fb00 0 520
+4 0 520
+3 0 520
+2 0 520
+7 0 520
+7 0 520
+4 0 520
+3 0 520
0x4fb90 0 520
+10 0 520
+6 0 520
+3 0 520
+3 0 520
+4 0 520
+3 0 520
+4 0 520
+4 0 520
+3 0 520
+3 0 520
+5 0 520
+3 0 520
+3 0 520
+3 0 520
+4 0 520
-45 0 420
+3 0 420
+3 0 420
+4 0 420
+3 0 420
+4 0 420
+4 0 420
+3 0 420
+3 0 420
+5 0 420
+3 0 420
+3 0 420
+3 0 420
+4 0 420
+2 0 520
+3 0 520

fn=(92)
0x136860 0 52132
+4 0 52132
+7 0 52132
+3 0 52132
+8 0 52132
+26 0 52132

fn=(126)
0x15e650 0 684219
+4 0 684219
+2 0 684219
+4 0 684219
+5 0 684219
+5 0 684219
+3 0 684219
+3 0 684219
+2 0 269242
+4 0 269242
+5 0 269242
+5 0 269242
+4 0 269242
+4 0 269242
+2 0 269242
+6 0 170575
+4 0 170575
+3 0 170575
+4 0 170575
+11 0 414977
+3 0 414977
+4 0 414977
+4 0 414977
+5 0 414977
+5 0 414977
+4 0 414977
+4 0 414977
+2 0 414977
+2 0 414977
+2 0 305809
+4 0 305809
+3 0 305809
+2 0 305809
+4 0 305809
+3 0 305809
+4 0 305809
+3 0 305809
+6 0 109168
+4 0 109168
+4 0 109168
+5 0 109168
+5 0 109168
+4 0 109168
+4 0 109168
+2 0 109168
-24 0 170575
+4 0 170575
+5 0 170575
+5 0 170575
+4 0 170575
+4 0 170575
+2 0 170575
+6 0 47761
+5 0 47761
+5 0 47761
+5 0 47761
+4 0 47761
+4 0 47761
+2 0 47761
0x15e7e0 0 330649
+4 0 330649
+2 0 330649
+4 0 330649
+3 0 330649
+4 0 330649
+3 0 330649
+12 0 47761
+4 0 47761
+2 0 47761
+5 0 47761
+3 0 47761
+4 0 47761
+3 0 47761

fn=(140) ftello
0x7c1c0 0 52132
+4 0 52132
+1 0 52132
+2 0 52132
+3 0 52132
+5 0 52132
+2 0 52132
+7 0 52132
+9 0 52132
+4 0 52132
+2 0 52132
+5 0 52132
+7 0 52132
+10 0 52132
+3 0 52132
+24 0 52132
+7 0 52132
+4 0 52132
+4 0 52132
+2 0 52132
+5 0 52132
+2 0 52132
+3 0 52132
cfn=(142)
calls=52132 0x74c80 0 
* 0 4222692
+5 0 52132
+3 0 52132
+2 0 52132
+2 0 52132
+6 0 52132
+3 0 52132
+40 0 52132
+8 0 52132
+7 0 52132
+9 0 52132
+2 0 52132
+24 0 52132
+4 0 52132
+2 0 52132
+3 0 52132
+1 0 52132
+15 0 52132
+2 0 52132
+2 0 52132
+7 0 52132
+4 0 52132
+2 0 52132

fn=(204)
0x3f380 0 849197
+4 0 849197
+2 0 849197
+2 0 849197
+3 0 849197
+2 0 849197
+3 0 849197
+2 0 849197
+3 0 849197
+1 0 849197
+1 0 849197
+4 0 849197
+5 0 849197
+2 0 849197
+6 0 849197
+3 0 849197
+6 0 849197
+3 0 849197
+6 0 849197
+5 0 849197
+4 0 849197
+3 0 849197
+3 0 849197
+5 0 849197
+21 0 849197
+2 0 849197
+6 0 849197
+2 0 849197
+6 0 849197
+2 0 849197
+8 0 849197
+3 0 849197
+3 0 849197
+3 0 849197
+3 0 849197
+4 0 849197
+6 0 770999
+2 0 770999
+6 0 770999
+3 0 770999
+6 0 770999
+5 0 770999
+5 0 770999
+2 0 770999
+2 0 770999
+7 0 770999
+4 0 770999
+7 0 770999
+4 0 770999
+4 0 770999
+3 0 770999
+6 0 770999
+3 0 770999
+6 0 849197
+7 0 849197
+4 0 849197
+7 0 849197
+3 0 849197
+2 0 849197
+5 0 849197
+3 0 849197
+3 0 849197
+8 0 2118275
+8 0 2118275
+4 0 2118275
+3 0 2118275
+3 0 2118275
+3 0 2118275
+4 0 2118275
+4 0 2118275
+3 0 2118275
+2 0 2118275
+3 0 2118275
+2 0 2967472
+3 0 2967472
+3 0 2967472
+2 0 849197
+3 0 849197
+6 0 849197
+6 0 849197
+9 0 2118275
+3 0 2118275
+2 0 2118275
+2 0 2118275
+3 0 2118275
+31 0 849197
+3 0 849197
+6 0 849197
+5 0 849197
+3 0 849197
+2 0 849197
+3 0 849197
+3 0 849197
+6 0 849197
+4 0 849197
+3 0 849197
+3 0 849197
+2 0 849197
+4 0 849197
+4 0 849197
+1 0 849197
+1 0 849197
+2 0 849197
+2 0 849197
+2 0 849197
+2 0 849197
+43 0 770999
+3 0 770999
0x3f5ea 0 78198
+6 0 78198
+6 0 78198
+3 0 78198
0x3f72a 0 78198
+3 0 78198
+2 0 78198
+7 0 78198
+7 0 78198
+2 0 78198
+5 0 78198
+4 0 78198

fn=(274) opendir
0xc47b0 0 3816
+4 0 3816
+3 0 3816
+2 0 3816
+4 0 3816
+5 0 3816
+2 0 3816
cfn=(120)
calls=3816 0xf2480 0 
* 0 103032
+5 0 3816
+4 0 3816
+2 0 3816
cfn=(276)
calls=3816 0xc46c0 0 
* 0 4975518

fn=(286)
0xc4970 0 7630
+4 0 7630
+5 0 7630
+2 0 7630
+6 0 7630
+2 0 7630

fn=(158)
0x7e960 0 52132
+4 0 52132
+3 0 52132
+3 0 52132
+5 0 52132
cfn=(160)
calls=52132 0xec7a0 0 
* 0 573452

fn=(220)
0x7dbe0 0 52132
+4 0 52132
+3 0 52132
cfn=(0)
calls=52132 0xf2330 0 
* 0 312792

fn=(138)
0x7d2d0 0 632087
+4 0 632087
+2 0 632087
+2 0 632087
+2 0 632087
+3 0 632087
+2 0 632087
+3 0 632087
+1 0 632087
+3 0 632087
+1 0 632087
+4 0 632087
+6 0 632087
+2 0 632087
+6 0 632087
+4 0 632087
+4 0 632087
+3 0 632087
+3 0 632087
+2 0 579955
+3 0 579955
+5 0 579955
+3 0 579955
cob=(4)
cfi=(2)
cfn=(170)
calls=579955 0x4893420 0 
* 0 16208519
+5 0 579955
+3 0 579955
+3 0 579955
+6 0 579955
+3 0 579955
+3 0 579955
+4 0 579955
+3 0 579955
+6 0 579955
+4 0 579955
+3 0 579955
+3 0 579955
+5 0 579955
+3 0 579955
+4 0 579955
cob=(4)
cfi=(2)
cfn=(174)
calls=579955 0x48934c0 0 
* 0 8733440
+5 0 579955
+5 0 579955
+3 0 579955
+6 0 579955
+4 0 579955
+4 0 579955
+1 0 579955
+1 0 579955
+2 0 579955
+2 0 579955
+2 0 579955
+2 0 579955
-14 0 52132
+4 0 52132
+1 0 52132
+1 0 52132
+2 0 52132
+2 0 52132
+2 0 52132
+2 0 52132
+5 0 52132
+3 0 52132
+2 0 52132
cfn=(140)
calls=52132 0x7c1c0 0 
* 0 6568632
+5 0 52132
+5 0 52132
+5 0 52132
+6 0 52132
+6 0 52132
+5 0 52132
+3 0 52132
+3 0 52132
+3 0 52132
+10 0 52132
+4 0 52132
+4 0 52132
+3 0 52132
+3 0 52132
+6 0 52132
+3 0 52132
+5 0 52132
+3 0 52132
cob=(4)
cfi=(2)
cfn=(170)
calls=52132 0x4893420 0 
* 0 1119172
+5 0 52132
+3 0 52132
+3 0 52132
+3 0 52132
+3 0 52132
+41 0 52132
+3 0 52132
cfn=(150)
calls=52132 0x809b0 0 
* 0 32540743
+5 0 52132
+3 0 52132
+22 0 52132
+4 0 52132
+3 0 52132
0x7d4f8 0 52132
+3 0 52132
+5 0 52132
+3 0 52132
+5 0 52132
+3 0 52132
+6 0 52132
+3 0 52132
+5 0 52132
+3 0 52132
cob=(4)
cfi=(2)
cfn=(174)
calls=52132 0x48934c0 0 
* 0 729848
+5 0 52132
+5 0 52132
+6 0 52132
+5 0 52132
+4 0 52132
+5 0 52132
+4 0 52132
+10 0 52132
+10 0 52132

fn=(328)
0xfd130 0 520
+4 0 520
+7 0 520
+2 0 520
+2 0 520
+2 0 520
+5 0 520
+2 0 520
+6 0 520
+82 0 520
+7 0 520
+2 0 520
+3 0 520
+5 0 520

fn=(340) sbrk
0xf3150 0 124
+4 0 124
+2 0 124
+1 0 124
+7 0 124
+1 0 124
+3 0 124
+4 0 124
+3 0 124
+2 0 124
+6 0 124
+2 0 124
+2 0 124
+3 0 124
+2 0 48
+2 0 10
+3 0 10
+3 0 10
+3 0 10
+2 0 10
+23 0 76
+3 0 76
+1 0 76
+1 0 76
+2 0 76
+35 0 38
+3 0 38
+3 0 38
+3 0 38
+3 0 38
+2 0 38
+2 0 48
+4 0 48
cfn=(342)
calls=48 0xf30f0 0 
* 0 528
+5 0 48
+2 0 48
+2 0 48
+3 0 48
+1 0 48
+1 0 48
+2 0 48

fn=(16)
0x72800 0 52132
+4 0 52132
+2 0 52132
+1 0 52132
+3 0 52132
+1 0 52132
+2 0 52132
+3 0 52132
+29 0 52133
+2 0 52133
+2 0 52133
+7 0 52133
+4 0 52133
+6 0 52133
+7 0 52133
+7 0 52133
+7 0 52133
+3 0 52133
+3 0 52133
+3 0 52133
+3 0 52133
+6 0 52133
+2 0 52133
+3 0 52133
cfn=(18)
calls=52133 0x7f380 0 
* 0 1511857
+3 0 52133
+6 0 52133
+2 0 52133
+6 0 52133
+5 0 52133
+10 0 52133
+7 0 52133
+2 0 52133
+7 0 52133
+2 0 52133
+7 0 52133
+2 0 52133
+3 0 52133
cob=(4)
cfi=(2)
cfn=(6)
calls=52133 0x4893330 0 
* 0 4431305
+5 0 52133
+3 0 52133
+1 0 52133
+1 0 52133
+2 0 52133
+8 0 52132
cfn=(14)
calls=52132 0x80370 0 
* 0 4691880
+5 0 52132
+3 0 52132
+3 0 52132
+2 0 52132
+7 0 52132
+9 0 52132
+4 0 52132
+2 0 52132
+5 0 52132
+2 0 52132
+7 0 52132
+10 0 52132
+3 0 52132
+24 0 52132
+7 0 52132
+3 0 52132
+4 0 52132
+4 0 52132
+2 0 52132
+6 0 52132
+3 0 52132
+6 0 52132
+3 0 52132
cfn=(2)
calls=52132 0x7f1e0 0 
* 0 13412750
cfn=(2)
calls=1 0x7f2fd 0 
+4 0 219
+5 0 52133
+3 0 52133
+3 0 52133
+6 0 52133
+11 0 52133
+8 0 52133
+7 0 52133
+9 0 52133
+2 0 52133
+24 0 52133

fn=(144)
0x7e370 0 52132
+4 0 52132
+2 0 52132
+2 0 52132
+2 0 52132
+2 0 52132
+1 0 52132
+3 0 52132
+1 0 52132
+7 0 52132
+9 0 52132
+8 0 52132
+2 0 52132
+2 0 52132
0x7e69b 0 52132
+8 0 52132
+9 0 52132
+6 0 52132
+7 0 52132
+1 0 52132
+1 0 52132
+2 0 52132
+2 0 52132
+2 0 52132
+2 0 52132
+5 0 52132
+5 0 52132
0x7e770 0 52132
+7 0 52132
+3 0 52132
+4 0 52132
+2 0 52132
+3 0 52132
+3 0 52132
+74 0 52132
+7 0 52132
+7 0 52132
+7 0 52132
+3 0 52132
+3 0 52132
+3 0 52132
+3 0 52132
+6 0 52132
+2 0 52132
+5 0 52132
+3 0 52132
cfn=(146) _IO_file_seek
calls=52132 0x7e090 0 
* 0 469188
+6 0 52132
+3 0 52132
+4 0 52132

fn=(176)
0x161c50 0 1526874
+4 0 1526874
+3 0 1526874
+4 0 1526874
+2 0 1065362
+4 0 1065362
+6 0 122814
+4 0 122814
+6 0 122814
+4 0 122814
+6 0 122814
+3 0 122814
+40 0 461512
+3 0 461512
+2 0 298986
+3 0 298986
+20 0 162526
+4 0 162526
+6 0 162526
+4 0 162526
+6 0 162526
+1 0 298986
+5 0 298986
+3 0 298986
+5 0 298986
+3 0 298986
+31 0 942548
+7 0 942548
+6 0 942548
+7 0 942548
+6 0 942548
+7 0 942548
+2 0 894787
+4 0 894787
+5 0 894787
+5 0 894787
+5 0 894787
+6 0 894787
+6 0 894787
+6 0 894787
+6 0 894787
+4 0 894787
+5 0 894787
+5 0 894787
+5 0 894787
+6 0 894787
+6 0 894787
+6 0 894787
+6 0 894787
+3 0 894787
+1 0 47761
+4 0 47761
+5 0 47761
+6 0 47761
+6 0 47761
+4 0 47761
+5 0 47761
+6 0 47761
+6 0 47761
+3 0 47761

fn=(14)
0x80370 0 104265
+4 0 104265
+3 0 104265
+2 0 52132
cfn=(216)
calls=52132 0x80090 0 
* 0 4483352
+7 0 52133

fn=(20)
0x813d0 0 52133
+4 0 52133
+1 0 52133
+3 0 52133
+4 0 52133
+3 0 52133
+8 0 52133
+4 0 52133
+3 0 52133
+18 0 52133
+4 0 52133
+3 0 52133
+15 0 52133
+4 0 52133
+14 0 52133
+1 0 52133

fn=(102)
0x73240 0 52132
+4 0 52132
+5 0 52132
cfn=(104) __fopen_internal
calls=52132 0x73140 0 
* 0 24710568

fn=(114)
0x80390 0 104264
+4 0 104264
+1 0 104264
+1 0 104264
+4 0 104264
+9 0 104264
+5 0 104264
+2 0 104264
+2 0 104264
+2 0 104264
+6 0 52132
+6 0 52132
+2 0 52132
+3 0 52132
+2 0 52132
+2 0 52132
+6 0 52132
+9 0 52132
+7 0 52132
+4 0 52132
+9 0 52132
+7 0 52132
+2 0 52132
+5 0 52132
+2 0 52132
+7 0 52132
+14 0 52132
+7 0 52132
+28 0 52132
+7 0 52132
+6 0 52132
+2 0 52132
+7 0 52132
+3 0 52132
+6 0 52132
+5 0 52132
+6 0 52132
+7 0 52132
+9 0 52132
+4 0 52132
+6 0 52132
+5 0 52132
+7 0 52132
+11 0 52132
+4 0 52132
+24 0 52132
+7 0 52132
+2 0 52132
+4 0 52132
+7 0 52132
+5 0 52132
+4 0 52132
+7 0 52132
+3 0 52132
+2 0 52132
+5 0 52132
+6 0 52132
+2 0 52132
+8 0 52132
+7 0 52132
+10 0 52132
+3 0 52132
+24 0 52132
+6 0 52132
+29 0 52132
+11 0 52132
+3 0 52132
+6 0 52132
+2 0 52132
+11 0 52132
+7 0 52132
+13 0 52132
+6 0 52132
+28 0 52132
+2 0 52132
+29 0 104264
+5 0 104264
+9 0 104264
+2 0 104264
+4 0 104264
+1 0 104264
+1 0 104264

fn=(146)
0x7e090 0 52132
+4 0 52132
+3 0 52132
cfn=(148) lseek
calls=52132 0xed290 0 
* 0 312792

fn=(52)
0x875d0 0 263201
+4 0 263201
+2 0 263201
+2 0 263201
+1 0 263201
+3 0 263201
+1 0 263201
+4 0 263201
+7 0 263201
+3 0 263201
+3 0 263201
+6 0 263201
+4 0 263201
+4 0 263201
+6 0 60971
+2 0 60971
+5 0 60971
+3 0 60971
-3 0 202230
+3 0 202230
+6 0 263201
+2 0 263201
+6 0 263201
+7 0 263201
+4 0 263201
+3 0 263201
+5 0 263201
+4 0 263201
+3 0 263201
+6 0 263201
+7 0 263201
+6 0 99896
+7 0 99896
+2 0 99896
+2 0 99896
+6 0 99896
+3 0 99896
+7 0 99896
cfn=(162)
calls=99896 0x858e0 0 
* 0 28993425
+5 0 99896
+3 0 99896
+3 0 99896
+6 0 99896
+4 0 99896
+2 0 99896
+6 0 99896
+2 0 99896
+63 0 202230
+4 0 202230
+4 0 202230
+3 0 202230
+61 0 207253
+4 0 207253
+4 0 207253
+3 0 207253
+6 0 163305
+7 0 163305
+6 0 163305
+3 0 163305
+4 0 163305
+5 0 163305
+8 0 163305
+4 0 163305
+3 0 163305
+1 0 163305
+1 0 163305
+2 0 163305
+2 0 163305
-13 0 99896
+4 0 99896
+3 0 99896
+1 0 99896
+1 0 99896
+2 0 99896
+2 0 99896

fn=(88) getpwuid
0xc7de0 0 26066
+4 0 26066
+2 0 26066
+5 0 26066
+2 0 26066
+2 0 26066
+1 0 26066
+1 0 26066
+2 0 26066
+4 0 26066
+9 0 26066
+5 0 26066
+2 0 26066
+7 0 26066
+14 0 26066
+7 0 26066
+28 0 26066
+7 0 26066
+7 0 26066
+3 0 26066
+6 0 26066
+3 0 26066
+7 0 26066
+59 0 26066
+3 0 26066
+3 0 26066
+3 0 26066
+2 0 26066
cfn=(90)
calls=26066 0xc8600 0 
* 0 217450109
+5 0 26066
+3 0 26066
+2 0 26066
+8 0 26066
+2 0 26066
+7 0 26066
+13 0 26066
+6 0 26066
+28 0 26066
+5 0 26066
+9 0 26066
+4 0 26066
+2 0 26066
+4 0 26066
+1 0 26066
+1 0 26066
+2 0 26066
+2 0 26066
+2 0 26066

fn=(104)
0x73140 0 52132
+4 0 52132
+2 0 52132
+3 0 52132
+2 0 52132
+2 0 52132
+3 0 52132
+1 0 52132
+3 0 52132
+5 0 52132
+1 0 52132
cob=(4)
cfi=(2)
cfn=(106)
calls=52132 0x4893310 0 
* 0 2606600
+5 0 52132
+3 0 52132
+6 0 52132
+3 0 52132
+7 0 52132
+2 0 52132
+2 0 52132
+7 0 52132
+7 0 52132
+3 0 52132
+3 0 52132
+7 0 52132
cfn=(108)
calls=52132 0x812b0 0 
* 0 3232184
+5 0 52132
+7 0 52132
+3 0 52132
+7 0 52132
cfn=(112) _IO_new_file_init_internal
calls=52132 0x7f160 0 
* 0 4744012
+5 0 52132
+3 0 52132
+3 0 52132
+3 0 52132
+3 0 52132
cfn=(116)
calls=52132 0x7f510 0 
* 0 11886096
+5 0 52132
+3 0 52132
+2 0 52132
+4 0 52132
+54 0 52132
+1 0 52132
+3 0 52132
+1 0 52132
+2 0 52132
+2 0 52132
+2 0 52132

fn=(110)
0x811f0 0 52132
+4 0 52132
+6 0 52132
+6 0 52132
+7 0 52132
+2 0 52132
+2 0 52132
+9 0 52132
+2 0 52132
+8 0 52132
+7 0 52132
+7 0 52132
+8 0 52132
+8 0 52132
+8 0 52132
+8 0 52132
+8 0 52132
+8 0 52132
+8 0 52132
+8 0 52132
+8 0 52132
+8 0 52132
+8 0 52132
+8 0 52132
+3 0 52132
+2 0 52132
+7 0 52132
+8 0 52132

fn=(112)
0x7f160 0 52132
+4 0 52132
+6 0 52132
+1 0 52132
+3 0 52132
+11 0 52132
cfn=(114)
calls=52132 0x80390 0 
* 0 4274824
+5 0 52132
+7 0 52132
+1 0 52132

fn=(148)
0xed290 0 52132
+4 0 52132
+5 0 52132
+2 0 52132
+6 0 52132
+2 0 52132

fn=(254)
0xc6d60 0 414977
+4 0 414977
+2 0 414977
+3 0 414977
+2 0 414977
+2 0 414977
+4 0 414977
+2 0 414977
+3 0 414977
+1 0 414977
+3 0 414977
+1 0 414977
+3 0 414977
+4 0 414977
+9 0 414977
+5 0 414977
+2 0 414977
+3 0 414977
+2 0 414977
+3 0 414977
+9 0 414977
+5 0 414977
+3 0 414977
cob=(4)
cfi=(2)
cfn=(124)
calls=414977 0x4893470 0 
* 0 12383532
+5 0 414977
+3 0 414977
+2 0 414977
+3 0 414977
+4 0 414977
+3 0 414977
+2 0 414977
+6 0 414977
+2 0 414977
+7 0 2546898
+2 0 2546898
+6 0 2546898
+4 0 2546898
+4 0 2546898
+2 0 2546898
+2 0 414977
+3 0 414977
+42 0 414977
+3 0 414977
+6 0 414977
+4 0 414977
+4 0 414977
+4 0 414977
+3 0 414977
+3 0 414977
+6 0 414977
+6 0 414977
+3 0 414977
+2 0 414977
-5 0 101119
+3 0 101119
+2 0 101119
+6 0 101119
+7 0 101119
+4 0 101119
+4 0 101119
+5 0 101119
+45 0 101119
+3 0 101119
+9 0 487578
+2 0 487578
+2 0 575051
+3 0 575051
+4 0 575051
+4 0 575051
+2 0 575051
+2 0 101119
+3 0 101119
+2 0 101119
+3 0 101119
+4 0 101119
+4 0 101119
+3 0 101119
+2 0 101119
+2 0 13646
+3 0 13646
+4 0 13646
+4 0 13646
+3 0 13646
-7 0 87473
+4 0 87473
+3 0 87473
+20 0 414977
+5 0 414977
+3 0 414977
+2 0 414977
+10 0 414977
+4 0 414977
+4 0 414977
+2 0 414977
+2 0 829954
+2 0 829954
+2 0 414977
+2 0 414977
+2 0 414977
+3 0 414977
+4 0 414977
+4 0 414977
+3 0 414977
+3 0 414977
+2 0 414977
+13 0 414977
+5 0 414977
+9 0 414977
+6 0 414977
+4 0 414977
+1 0 414977
+1 0 414977
+2 0 414977
+2 0 414977
+2 0 414977
+2 0 414977
+1 0 414977
+2 0 414977
+6 0 414977
+3 0 414977
+4 0 414977
+5 0 414977
cob=(4)
cfi=(2)
cfn=(256)
calls=414977 0x4893460 0 
* 0 9593458
+5 0 414977
+5 0 414977
0xc6fcf 0 101119
+2 0 101119
+22 0 414977
+7 0 414977
+5 0 414977
+5 0 414977
+5 0 414977
+5 0 414977
+3 0 414977
+3 0 414977
cfn=(202)
calls=414977 0x3ee40 0 
* 0 59751837
+5 0 414977
+5 0 414977
+3 0 414977
+4 0 414977
+5 0 414977
+4 0 414977
+3 0 414977
+6 0 414977
+3 0 414977
+3 0 414977
+10 0 414977
+3 0 414977
+14 0 414977
+4 0 414977

fn=(338)
0x89130 0 124
+4 0 124
+4 0 124
cfn=(340)
calls=124 0xf3150 0 
* 0 3402
+5 0 124
+5 0 124
+4 0 124
+4 0 124
+4 0 124

ob=(1) /home/emptycee/Desktop/ft_ls_git/ft_ls_/ft_ls
fl=(4) ???
fn=(296) ft_strdup
0x3eb0 0 52409
+1 0 52409
+3 0 52409
+4 0 52409
+4 0 52409
+8 0 52409
+8 0 52409
+4 0 52409
cfn=(46) ft_strlen
calls=52409 0x3f40 0 
* 0 18611643
+5 0 52409
+4 0 52409
+4 0 52409
+4 0 52409
+4 0 52409
+3 0 52409
cob=(2)
cfi=(1)
cfn=(52)
calls=52409 0x875d0 0 
* 0 7706256
* 0 52409
+5 0 52409
+4 0 52409
+4 0 52409
+19 0 52409
+4 0 52409
+4 0 52409
+4 0 52409
+4 0 52409
+4 0 52409
+4 0 52409
cfn=(298) ft_memcpy
calls=52409 0x4180 0 
* 0 30512516
+5 0 52409
+4 0 52409
+4 0 52409
+4 0 52409
+1 0 52409

fn=(44) ft_itoa
0x3970 0 54041
+1 0 54041
+3 0 54041
+4 0 54041
+9 0 54041
+4 0 54041
+3 0 54041
+4 0 54041
+6 0 54041
+27 0 54041
+4 0 54041
+6 0 37
+7 0 37
cfn=(296)
calls=37 0x3eb0 0 
* 0 6157
+5 0 37
+4 0 37
+5 0 54004
+4 0 54004
+22 0 54004
+4 0 54004
+4 0 54004
+5 0 54004
+5 0 54004
+8 0 54004
+5 0 54004
-5 0 136620
+5 0 136620
+6 0 136620
+4 0 136620
+2 0 136620
+5 0 136620
+3 0 136620
+4 0 136620
+3 0 136620
+4 0 136620
+3 0 136620
+4 0 136620
+4 0 136620
+5 0 136620
+4 0 136620
+3 0 136620
+2 0 136620
+3 0 136620
+4 0 136620
+5 0 54004
+4 0 54004
+26 0 54004
+4 0 54004
+4 0 54004
+5 0 54004
cfn=(46)
calls=54004 0x3f40 0 
* 0 1687004
+5 0 54004
+3 0 54004
cfn=(48) ft_strnew
calls=54004 0x3f80 0 
* 0 7391328
+5 0 54004
+4 0 54004
+4 0 54004
+19 0 54004
+4 0 54004
+4 0 54004
+4 0 54004
cfn=(56) ft_strrev
calls=54004 0x40b0 0 
* 0 3986000
+5 0 54004
+4 0 54004
+3 0 54004
cfn=(58) ft_strcpy
calls=54004 0x3e40 0 
* 0 2992760
+5 0 54004
+4 0 54004
+4 0 54004
+4 0 54004
+9 0 54004
+4 0 54004
+3 0 54004
+4 0 54004
-24 0 37
+4 0 37
+9 0 37
+4 0 37
+3 0 37
+4 0 37
+6 0 54041
+4 0 54041
+4 0 54041
+1 0 54041

fn=(306) ft_sort_comp
0x3580 0 860457
+1 0 860457
+3 0 860457
+4 0 860457
+4 0 860457
+4 0 860457
+3 0 860457
+3 0 860457
+7 0 860457
+4 0 860457
+4 0 860457
+7 0 860457
+3 0 860457
+4 0 860457
+4 0 860457
+4 0 860457
+7 0 860457
+3 0 860457
+4 0 860457
cfn=(308) ft_strcmp
calls=860457 0x3d70 0 
* 0 58130808
+5 0 860457
+3 0 860457
+3 0 860457
+6 0 203200
+3 0 203200
+3 0 203200
+5 0 657257
+4 0 657257
+4 0 657257
+7 0 657257
+3 0 657257
+4 0 657257
+4 0 657257
+4 0 657257
+7 0 657257
+3 0 657257
+4 0 657257
cfn=(308)
calls=657257 0x3d70 0 
* 0 37158592
+5 0 657257
+3 0 657257
+3 0 657257
+6 0 657257
+3 0 657257
+3 0 657257
+16 0 860457
+3 0 860457
+4 0 860457
+1 0 860457

fn=(30) ft_print_lst
0x2d80 0 26067
+1 0 26067
+3 0 26067
+7 0 26067
+4 0 26067
+4 0 26067
+3 0 26067
+4 0 26067
+4 0 26067
cfn=(84) ft_print_perm
calls=26067 0x29c0 0 
* 0 25624327
+5 0 26066
+4 0 26066
+4 0 26066
+2 0 26066
+2 0 26066
cfn=(44)
calls=26066 0x3970 0 
* 0 7528165
+5 0 26066
+4 0 26066
+7 0 26066
+3 0 26066
+2 0 26066
cfn=(32) ft_print_f
calls=26066 0x2640 0 
* 0 6438786
+5 0 26066
+4 0 26066
+3 0 26066
cob=(2)
cfi=(1)
cfn=(8)
calls=26066 0x87c70 0 
* 0 2180481
* 0 26066
+5 0 26066
+4 0 26066
+3 0 26066
cob=(2)
cfi=(1)
cfn=(88)
calls=26066 0xc7de0 0 
* 0 218675211
* 0 26066
+5 0 26066
+4 0 26066
+5 0 26066
+6 0 26066
+4 0 26066
+3 0 26066
+7 0 26066
+2 0 26066
cfn=(32)
calls=26066 0x2640 0 
* 0 10870108
+5 0 26066
+3 0 26066
+50 0 26066
+4 0 26066
+3 0 26066
cob=(2)
cfi=(1)
cfn=(28)
calls=26066 0xc5b80 0 
* 0 270251124
* 0 26066
cob=(2)
cfi=(1)
cfn=(28)
calls=1 0xc5ca4 0 
+4 0 490
+5 0 26067
+4 0 26067
+4 0 26067
+2 0 26067
+3 0 26067
+3 0 26067
+6 0 26067
+5 0 26067
+6 0 26067
+4 0 26067
+3 0 26067
+7 0 26067
+2 0 26067
cfn=(32)
calls=26067 0x2640 0 
* 0 10870480
+5 0 26067
+3 0 26067
+50 0 26067
+5 0 26067
+4 0 26067
+4 0 26067
+2 0 26067
+2 0 26067
cfn=(44)
calls=26067 0x3970 0 
* 0 12984926
+5 0 26067
+4 0 26067
+7 0 26067
+3 0 26067
+2 0 26067
cfn=(32)
calls=26067 0x2640 0 
* 0 9631650
+5 0 26067
+4 0 26067
+3 0 26067
cob=(2)
cfi=(1)
cfn=(8)
calls=26067 0x87c70 0 
* 0 2178980
* 0 26067
+5 0 26067
+4 0 26067
+4 0 26067
+4 0 26067
+3 0 26067
+6 0 26067
+4 0 26067
+3 0 26067
+4 0 26067
+3 0 26067
+4 0 26067
* 0 469206
+3 0 26067
+4 0 26067
cfn=(62) ft_print_time
calls=26067 0x2950 0 
* 0 32270946
+5 0 26067
+4 0 26067
+3 0 26067
+5 0 26067
+4 0 26067
+3 0 26067
+4 0 26067
+4 0 26067
+3 0 26067
+4 0 26067
* 0 599541
+3 0 26067
+4 0 26067
cfn=(68) ft_print_def
calls=26067 0x2c20 0 
* 0 32076656
+5 0 26067
+5 0 26067
+3 0 26067
+2 0 26067
+7 0 26067
+1 0 26067

fn=(298)
0x4180 0 52409
+1 0 52409
+3 0 52409
+4 0 52409
+4 0 52409
+4 0 52409
+4 0 52409
+4 0 52409
+4 0 52409
+4 0 52409
+5 0 52409
+41 0 52409
+5 0 2306802
+4 0 2306802
+3 0 2306802
+4 0 2306802
+4 0 2306802
+4 0 2306802
+6 0 2254393
+4 0 2254393
+4 0 2254393
+3 0 2254393
+4 0 2254393
+4 0 2254393
+3 0 2254393
+5 0 52409
+4 0 52409
+4 0 52409
+4 0 52409
+1 0 52409

fn=(54) ft_memset
0x3af0 0 80071
+1 0 80071
+3 0 80071
+4 0 80071
+3 0 80071
+4 0 80071
+4 0 80071
+4 0 80071
+4 0 80071
+3 0 80071
+4 0 80071
+4 0 80071
+4 0 80071
-19 0 477361
+4 0 477361
+3 0 477361
+4 0 477361
+4 0 477361
+4 0 477361
+6 0 477361
+3 0 477361
+2 0 477361
+4 0 477361
+4 0 477361
+3 0 477361
+5 0 80071
+4 0 80071
+1 0 80071

fn=(72) lstat
0x42a0 0 74775
+4 0 74775
+3 0 74775
+3 0 74775
+5 0 74775
cob=(2)
cfi=(1)
cfn=(76)
calls=74775 0xec800 0 
* 0 822525
* 0 74775

fn=(268) ft_dirs
cfn=(82) ft_prints
calls=1 0x31fa 0 
0x1777 0 17052
0x1778 0 1
+4 0 1
+3 0 1
cfn=(270) ft_dir_clean
calls=1 0x1200 0 
* 0 6021
+5 0 1
+4 0 1
+2 0 1
+5 0 1
+3 0 1
+6 0 1
+4 0 1
cob=(2)
cfi=(1)
cfn=(274)
calls=1 0xc47b0 0 
* 0 3095
* 0 1
+5 0 1
+4 0 1
+4 0 1
+16 0 1
+5 0 302
+4 0 302
cob=(2)
cfi=(1)
cfn=(284)
calls=302 0xc49b0 0 
* 0 12124
* 0 302
+5 0 302
+4 0 302
+4 0 302
+6 0 298
+4 0 298
+4 0 298
+3 0 298
+6 0 8
+4 0 8
+4 0 8
+3 0 8
+6 0 294
+4 0 294
+4 0 294
+3 0 294
+6 0 4
+4 0 4
+4 0 4
+3 0 4
+6 0 4
+4 0 4
+4 0 4
+3 0 4
+6 0 8
+5 0 290
+4 0 290
+4 0 290
+4 0 290
+3 0 290
cfn=(288) ft_dir_path
calls=290 0x13d0 0 
* 0 326796
+5 0 290
+4 0 290
+3 0 290
cfn=(70) ft_dir_check
calls=290 0x1300 0 
* 0 13820
+5 0 290
+3 0 290
+6 0 265
+4 0 265
+4 0 265
+4 0 265
cfn=(269) ft_dirs'2
calls=265 0x16f0 0 
* 0 1036214457
cfn=(269)
calls=1902 +31 0 
+4 0 934929562301
cfn=(268)
calls=4 +31 0 
+4 0 413833051
+5 0 4
+3 0 4
+4 0 4
cob=(2)
cfi=(1)
cfn=(8)
calls=4 0x87c70 0 
* 0 400
* 0 4
-4 0 25
+4 0 25
cob=(2)
cfi=(1)
cfn=(8)
calls=25 0x87c70 0 
* 0 2075
* 0 25
+5 0 293
+5 0 4
+4 0 4
cob=(2)
cfi=(1)
cfn=(292)
calls=4 0xc47f0 0 
* 0 835
* 0 4
+5 0 4
+3 0 4
+7 0 4
+3 0 4
+4 0 4
+1 0 4

fn=(269)
0x16f0 0 1908
+1 0 1908
+3 0 1908
+4 0 1908
+4 0 1908
+4 0 1908
+4 0 1908
+4 0 1908
+4 0 1908
+4 0 1908
cfn=(294) ft_dir_info
calls=1908 0x1520 0 
* 0 124089104
+5 0 1908
+3 0 1908
+18 0 1908
+4 0 1908
+3 0 1908
+6 0 1908
+4 0 1908
+2 0 1908
+6 0 1908
+3 0 1908
+6 0 1908
+4 0 1908
+2 0 1908
+3 0 1908
+3 0 1908
+6 0 1908
+4 0 1908
+4 0 1908
cfn=(300) ft_sorts
calls=1908 0x3940 0 
* 0 188613431
+5 0 1908
+4 0 1908
+4 0 1908
cfn=(82)
calls=1908 0x2f60 0 
* 0 654970255
+5 0 1907
+4 0 1907
+3 0 1907
cfn=(270)
calls=1907 0x1200 0 
* 0 8815051
+5 0 1907
+4 0 1907
+2 0 1907
+5 0 1907
+3 0 1907
+6 0 1907
+4 0 1907
cob=(2)
cfi=(1)
cfn=(274)
calls=1907 0xc47b0 0 
* 0 4157013
* 0 1907
+5 0 1907
+4 0 1907
+4 0 1907
+16 0 1907
+5 0 27944
+4 0 27944
cob=(2)
cfi=(1)
cfn=(284)
calls=27944 0xc49b0 0 
* 0 1161586
* 0 27944
+5 0 27944
+4 0 27944
+4 0 27944
+6 0 26042
+4 0 26042
+4 0 26042
+3 0 26042
+6 0 3908
+4 0 3908
+4 0 3908
+3 0 3908
+6 0 24138
+4 0 24138
+4 0 24138
+3 0 24138
+6 0 2004
+4 0 2004
+4 0 2004
+3 0 2004
+6 0 1906
+4 0 1906
+4 0 1906
+3 0 1906
+6 0 3810
+5 0 22232
+4 0 22232
+4 0 22232
+4 0 22232
+3 0 22232
cfn=(288)
calls=22232 0x13d0 0 
* 0 50398680
+5 0 22232
+4 0 22232
+3 0 22232
cfn=(70)
calls=22232 0x1300 0 
* 0 984828
+5 0 22232
+3 0 22232
+6 0 1643
+4 0 1643
+4 0 1643
+4 0 1643
cfn=(269)
calls=1643 0x16f0 0 
* 0 5799166971
+5 0 1902
+3 0 1902
+4 0 1902
cob=(2)
cfi=(1)
cfn=(8)
calls=1902 0x87c70 0 
* 0 182715
* 0 1902
-4 0 20589
+4 0 20589
cob=(2)
cfi=(1)
cfn=(8)
calls=20589 0x87c70 0 
* 0 1708887
* 0 20589
+5 0 22227
+5 0 1902
+4 0 1902
cob=(2)
cfi=(1)
cfn=(292)
calls=1902 0xc47f0 0 
* 0 304076
* 0 1902
+5 0 1902
+3 0 1902
+7 0 1902
+3 0 1902
+4 0 1902
+1 0 1902

fn=(64) print_time_str
0x2920 0 26067
+1 0 26067
+3 0 26067
+4 0 26067
+4 0 26067
+7 0 26067
+2 0 26067
cfn=(32)
calls=26067 0x2640 0 
* 0 31384668
+5 0 26067
+3 0 26067
+4 0 26067
+1 0 26067

fn=(78) ft_putendl
0x3bd0 0 33243
+1 0 33243
+3 0 33243
+4 0 33243
+4 0 33243
+4 0 33243
+5 0 33243
cfn=(80) ft_putendl_fd
calls=33243 +11 0 
* 0 2048916
+5 0 33243
+4 0 33243
+1 0 33243

fn=(48)
0x3f80 0 54004
+1 0 54004
+3 0 54004
+4 0 54004
+4 0 54004
+4 0 54004
+4 0 54004
+4 0 54004
cob=(2)
cfi=(1)
cfn=(52)
calls=54004 0x875d0 0 
* 0 2997684
* 0 54004
+5 0 54004
+4 0 54004
+4 0 54004
+19 0 54004
+2 0 54004
+4 0 54004
+4 0 54004
+4 0 54004
+3 0 54004
cfn=(54)
calls=54004 0x3af0 0 
* 0 3151552
+5 0 54004
+4 0 54004
+4 0 54004
+4 0 54004
+1 0 54004

fn=(84)
0x29c0 0 26067
+1 0 26067
+3 0 26067
+4 0 26067
+4 0 26067
+9 0 26067
+4 0 26067
+4 0 26067
+3 0 26067
+5 0 26067
+5 0 26067
cfn=(54)
calls=26067 0x3af0 0 
* 0 3857916
+5 0 26067
+4 0 26067
+3 0 26067
+6 0 26067
+6 0 26067
+4 0 26067
+6 0 5461
+4 0 5461
+5 0 20606
+4 0 20606
+3 0 20606
+6 0 20606
+6 0 20606
+6 0 20590
+4 0 20590
+5 0 16
+4 0 16
+3 0 16
+6 0 16
+6 0 16
+15 0 16
+4 0 16
+3 0 16
+6 0 16
+6 0 16
+15 0 16
+4 0 16
+3 0 16
+6 0 16
+6 0 16
+6 0 16
+4 0 16
+78 0 16
+5 0 16
+5 0 16
+5 0 20606
+5 0 26067
+4 0 26067
+3 0 26067
+6 0 26067
+3 0 26067
+6 0 26053
+4 0 26053
+4 0 26053
+3 0 26053
+6 0 26053
+3 0 26053
-16 0 14
+4 0 14
+3 0 14
+6 0 14
+3 0 14
+6 0 19855
+4 0 19855
+4 0 19855
+3 0 19855
+3 0 19855
+3 0 19855
-13 0 6212
+4 0 6212
+3 0 6212
+3 0 6212
+3 0 6212
+6 0 13153
+4 0 13153
+4 0 13153
+3 0 13153
+3 0 13153
+3 0 13153
-13 0 12914
+4 0 12914
+3 0 12914
+3 0 12914
+3 0 12914
+6 0 26034
+4 0 26034
+4 0 26034
+3 0 26034
+3 0 26034
+3 0 26034
-13 0 33
+4 0 33
+3 0 33
+3 0 33
+3 0 33
+6 0 16
+4 0 16
+4 0 16
+3 0 16
+3 0 16
+3 0 16
-13 0 26051
+4 0 26051
+3 0 26051
+3 0 26051
+3 0 26051
+6 0 13153
+4 0 13153
+4 0 13153
+3 0 13153
+3 0 13153
+3 0 13153
-13 0 12914
+4 0 12914
+3 0 12914
+3 0 12914
+3 0 12914
+6 0 26034
+4 0 26034
+4 0 26034
+3 0 26034
+3 0 26034
+3 0 26034
-13 0 33
+4 0 33
+3 0 33
+3 0 33
+3 0 33
+6 0 16
+4 0 16
+4 0 16
+3 0 16
+3 0 16
+3 0 16
-13 0 26051
+4 0 26051
+3 0 26051
+3 0 26051
+3 0 26051
+6 0 13153
+4 0 13153
+4 0 13153
+4 0 13153
+7 0 13153
+2 0 13153
+2 0 13153
+4 0 13153
+2 0 13153
cfn=(32)
calls=13153 0x2640 0 
* 0 9798985
-25 0 12914
+4 0 12914
+4 0 12914
+7 0 12914
+2 0 12914
+2 0 12914
+4 0 12914
+2 0 12914
cfn=(32)
calls=12914 0x2640 0 
* 0 9620683
+5 0 26066
+9 0 26066
+4 0 26066
+3 0 26066
+3 0 26066
+6 0 26066
+4 0 26066
+1 0 26066

fn=(82)
0x2f60 0 1908
+1 0 1908
+3 0 1908
+7 0 1908
+4 0 1908
+4 0 1908
+4 0 1908
+2 0 1908
+5 0 1908
+3 0 1908
+6 0 1908
+4 0 1908
+2 0 1908
+6 0 1908
+3 0 1908
+6 0 1908
+4 0 1908
+2 0 1908
+6 0 1908
+3 0 1908
+6 0 1908
+4 0 1908
+2 0 1908
+6 0 1908
+3 0 1908
+6 0 1908
+7 0 1908
+2 0 1908
cfn=(32)
calls=1908 0x2640 0 
* 0 274752
+5 0 1908
+4 0 1908
+7 0 1908
+7 0 1908
+3 0 1908
+2 0 1908
cfn=(32)
calls=1908 0x2640 0 
* 0 5983340
+5 0 1908
+3 0 1908
+4 0 1908
+2 0 1908
+3 0 1908
+3 0 1908
+6 0 1908
+4 0 1908
+2 0 1908
+6 0 1908
+3 0 1908
+6 0 1908
+4 0 1908
+4 0 1908
+7 0 1908
+7 0 1908
+2 0 1908
cfn=(32)
calls=1908 0x2640 0 
* 0 1197863
+5 0 1908
+3 0 1908
+4 0 1908
+2 0 1908
+6 0 1908
+2 0 1908
+4 0 1908
+2 0 1908
+3 0 1908
+4 0 1908
+2 0 1908
+3 0 1908
+3 0 1908
+6 0 1908
+4 0 1908
+2 0 1908
+6 0 1908
+3 0 1908
+6 0 1908
+4 0 1908
+2 0 1908
+3 0 1908
+15 0 1908
+3 0 1908
+3 0 1908
+3 0 1908
+2 0 1908
+3 0 1908
+3 0 1908
+3 0 1908
-14 0 26067
+3 0 26067
+2 0 26067
+3 0 26067
+3 0 26067
+3 0 26067
+6 0 26067
+4 0 26067
+2 0 26067
+3 0 26067
+3 0 26067
+6 0 26067
+4 0 26067
+2 0 26067
+6 0 26067
+3 0 26067
+6 0 26067
+3 0 26067
+3 0 26067
+3 0 26067
+14 0 26067
+3 0 26067
+3 0 26067
+4 0 26067
+2 0 26067
+5 0 26067
+3 0 26067
+71 0 26067
+4 0 26067
+2 0 26067
+3 0 26067
+3 0 26067
+77 0 26067
+4 0 26067
+2 0 26067
+3 0 26067
+3 0 26067
+6 0 26067
+4 0 26067
+4 0 26067
+4 0 26067
+7 0 26067
+3 0 26067
+3 0 26067
+5 0 26067
+4 0 26067
+3 0 26067
+4 0 26067
+4 0 26067
+3 0 26067
+3 0 26067
* 0 599541
+3 0 26067
+4 0 26067
cfn=(30)
calls=26067 0x2d80 0 
* 0 645304864
cfn=(30)
calls=1 0x2f49 0 
+4 0 5015
+5 0 26067
+3 0 26067
+5 0 26067
+5 0 1908
+5 0 1908
+7 0 1908
+1 0 1908

fn=(38) ft_putchar_fd
0x3b70 0 1890937
+1 0 1890937
+3 0 1890937
+4 0 1890937
+3 0 1890937
+9 0 1890937
+4 0 1890937
+3 0 1890937
+3 0 1890937
+3 0 1890937
+4 0 1890937
+5 0 1890937
cob=(2)
cfi=(1)
cfn=(42)
calls=1890937 0xed1e0 0 
* 0 18909365
* 0 1890937
+5 0 1890936
+9 0 1890936
+4 0 1890936
+3 0 1890936
+4 0 1890936
+6 0 1890936
+4 0 1890936
+1 0 1890936

fn=(270)
0x1200 0 1908
+1 0 1908
+3 0 1908
+4 0 1908
+4 0 1908
+4 0 1908
+2 0 1908
+3 0 1908
+4 0 1908
+5 0 1908
+6 0 1908
+4 0 1908
+4 0 1908
cob=(2)
cfi=(1)
cfn=(8)
calls=1908 0x87c70 0 
* 0 159524
* 0 1908
+5 0 1908
+5 0 29894
+3 0 29894
+2 0 29894
+3 0 29894
+3 0 29894
+3 0 29894
+6 0 27986
+4 0 27986
+4 0 27986
+7 0 27986
+3 0 27986
+5 0 27986
+6 0 26078
+4 0 26078
+4 0 26078
+7 0 26078
+3 0 26078
+4 0 26078
cob=(2)
cfi=(1)
cfn=(8)
calls=26078 0x87c70 0 
* 0 2466530
* 0 26078
+5 0 27986
+4 0 27986
+4 0 27986
+7 0 27986
+3 0 27986
+5 0 27986
+6 0 26078
+4 0 26078
+4 0 26078
+7 0 26078
+3 0 26078
+4 0 26078
cob=(2)
cfi=(1)
cfn=(8)
calls=26078 0x87c70 0 
* 0 2470193
* 0 26078
+5 0 27986
+4 0 27986
+4 0 27986
+7 0 27986
+3 0 27986
+5 0 27986
+6 0 26078
+4 0 26078
+4 0 26078
+7 0 26078
+3 0 26078
+4 0 26078
cob=(2)
cfi=(1)
cfn=(8)
calls=26078 0x87c70 0 
* 0 2431745
* 0 26078
+5 0 27986
+5 0 1908
+4 0 1908
+1 0 1908

fn=(288)
0x13d0 0 48708
+1 0 48708
+3 0 48708
+4 0 48708
+4 0 48708
+4 0 48708
+7 0 48708
+4 0 48708
cfn=(46)
calls=48708 0x3f40 0 
* 0 26685028
+5 0 48708
+4 0 48708
+4 0 48708
cfn=(46)
calls=48708 0x3f40 0 
* 0 8383964
+5 0 48708
+4 0 48708
+3 0 48708
+2 0 48708
+3 0 48708
+3 0 48708
+3 0 48708
+3 0 48708
+4 0 48708
+3 0 48708
cob=(2)
cfi=(1)
cfn=(52)
calls=48708 0x875d0 0 
* 0 5128018
* 0 48708
+5 0 48708
+4 0 48708
+4 0 48708
+19 0 48708
+5 0 3317363
+4 0 3317363
+3 0 3317363
+6 0 3268655
+4 0 3268655
+3 0 3268655
+4 0 3268655
+4 0 3268655
+2 0 3268655
+4 0 3268655
+3 0 3268655
+2 0 3268655
+3 0 3268655
+3 0 3268655
+3 0 3268655
+3 0 3268655
+5 0 48708
+4 0 48708
+3 0 48708
+3 0 48708
+3 0 48708
+4 0 48708
+3 0 48708
+23 0 48708
+4 0 48708
+3 0 48708
+2 0 48708
+3 0 48708
+3 0 48708
+3 0 48708
+4 0 48708
+5 0 1029730
+4 0 1029730
+3 0 1029730
+6 0 981022
+4 0 981022
+3 0 981022
+4 0 981022
+4 0 981022
+2 0 981022
+4 0 981022
+3 0 981022
+2 0 981022
+3 0 981022
+3 0 981022
+3 0 981022
+3 0 981022
+5 0 48708
+4 0 48708
+4 0 48708
+4 0 48708
+4 0 48708
+4 0 48708
+4 0 48708
+4 0 48708
+1 0 48708

fn=(302) ft_sort_tim
0x3870 0 1908
+1 0 1908
+3 0 1908
+4 0 1908
+4 0 1908
+4 0 1908
+3 0 1908
+3 0 1908
cfn=(304) ft_pow2
calls=1908 0x3820 0 
* 0 111048
+5 0 1908
+3 0 1908
+25 0 1908
+3 0 1908
cfn=(304)
calls=1908 0x3820 0 
* 0 111048
+5 0 1908
+3 0 1908
+7 0 1908
+3 0 1908
+3 0 1908
+3 0 1908
-9 0 1452
+3 0 1452
+3 0 1452
+3 0 1452
+6 0 1452
+4 0 1452
+4 0 1452
+3 0 1452
+4 0 1452
+4 0 1452
+4 0 1452
+4 0 1452
+4 0 1452
+4 0 1452
+4 0 1452
+4 0 1452
+3 0 1452
+4 0 1452
+3 0 1452
+3 0 1452
+3 0 1452
+3 0 1452
cfn=(306)
calls=1452 0x3580 0 
* 0 225562
+5 0 1452
+4 0 1452
+4 0 1452
+3 0 1452
+2 0 1452
cfn=(310) ft_sort_ins
calls=1452 0x3650 0 
* 0 188055889
+5 0 1452
+3 0 1452
+3 0 1452
+3 0 1452
+5 0 1908
+4 0 1908
+1 0 1908

fn=(34) ft_putstr
0x3d00 0 266390
+1 0 266390
+3 0 266390
+4 0 266390
+4 0 266390
+4 0 266390
+5 0 266390
cfn=(36) ft_putstr_fd
calls=266390 +11 0 
* 0 64042171
+5 0 266389
+4 0 266389
+1 0 266389

fn=(300)
0x3940 0 1908
+1 0 1908
+3 0 1908
+4 0 1908
+4 0 1908
+4 0 1908
+4 0 1908
+4 0 1908
+4 0 1908
+2 0 1908
cfn=(302)
calls=1908 0x3870 0 
* 0 188588627
+5 0 1908
+4 0 1908
+1 0 1908

fn=(304)
0x3820 0 3816
+1 0 3816
+3 0 3816
+3 0 3816
+3 0 3816
+2 0 3816
+3 0 3816
+3 0 3816
+3 0 3816
-14 0 10920
+3 0 10920
+2 0 10920
+3 0 10920
+3 0 10920
+3 0 10920
+6 0 14736
+2 0 14736
+3 0 14736
+3 0 14736
+2 0 14736
+3 0 14736
+6 0 3816
+3 0 3816
+3 0 3816
+5 0 10920
+11 0 3816
+3 0 3816
+1 0 3816

fn=(36)
0x3d20 0 299633
+1 0 299633
+3 0 299633
+4 0 299633
+4 0 299633
+3 0 299633
+4 0 299633
+3 0 299633
-7 0 1425562
+4 0 1425562
+3 0 1425562
+6 0 1425563
+4 0 1425563
+3 0 1425563
+4 0 1425563
+4 0 1425563
+2 0 1425563
+3 0 1425563
+3 0 1425563
cfn=(38)
calls=1425563 0x3b70 0 
* 0 44192440
+5 0 1425562
+5 0 299632
+4 0 299632
+1 0 299632

fn=(62)
0x2950 0 26067
+1 0 26067
+3 0 26067
+4 0 26067
+4 0 26067
+4 0 26067
+4 0 26067
+2 0 26067
+3 0 26067
+3 0 26067
+4 0 26067
+6 0 26067
+4 0 26067
+2 0 26067
+3 0 26067
+3 0 26067
+24 0 26067
+4 0 26067
+4 0 26067
cfn=(64)
calls=26067 0x2920 0 
* 0 31671405
+5 0 26067
+5 0 26067
+4 0 26067
+1 0 26067

fn=(32)
0x2640 0 227411
+1 0 227411
+3 0 227411
+7 0 227411
+2 0 227411
+7 0 227411
+7 0 227411
+7 0 227411
+7 0 227411
+7 0 227411
+7 0 227411
+7 0 227411
+7 0 227411
+7 0 227411
+7 0 227411
+7 0 227411
+7 0 227411
+7 0 227411
+7 0 227411
0x2716 0 227411
+7 0 227411
+7 0 227411
+7 0 227411
+7 0 227411
+7 0 227411
+7 0 227411
+7 0 227411
+7 0 227411
+7 0 227411
+7 0 227411
+7 0 227411
+4 0 227411
+9 0 227411
+4 0 227411
+4 0 227411
+7 0 227411
+7 0 227411
+4 0 227411
+4 0 227411
+4 0 227411
+8 0 227411
+7 0 227411
+4 0 227411
+3 0 227411
+3 0 227411
+3 0 227411
+3 0 227411
+4 0 227411
-20 0 730311
+4 0 730311
+3 0 730311
+3 0 730311
+3 0 730311
+3 0 730311
+4 0 730311
+6 0 730312
+4 0 730312
+4 0 730312
+4 0 730312
+3 0 730312
+6 0 162124
+4 0 162124
+3 0 162124
+3 0 162124
+7 0 162124
+6 0 162124
+6 0 162124
+6 0 162124
+3 0 162124
+7 0 162124
+4 0 162124
+3 0 162124
+2 0 162124
+7 0 162124
+34 0 162124
+7 0 162124
+3 0 162124
cfn=(34)
calls=162124 0x3d00 0 
* 0 60033044
+5 0 162123
+5 0 568188
+4 0 568188
+4 0 568188
+4 0 568188
+3 0 568188
+6 0 31791
+7 0 31791
cfn=(78)
calls=31791 0x3bd0 0 
* 0 2098206
+5 0 31791
+5 0 536397
+4 0 536397
+4 0 536397
+4 0 536397
+3 0 536397
+6 0 104266
+7 0 104266
cfn=(34)
calls=104266 0x3d00 0 
* 0 6673024
+5 0 104266
+5 0 432131
+4 0 432131
+4 0 432131
+4 0 432131
+3 0 432131
+23 0 432131
+4 0 432131
+4 0 432131
+4 0 432131
+6 0 432131
+4 0 432131
+4 0 432131
+4 0 432131
cfn=(66) ft_putchar
calls=432131 0x3b40 0 
* 0 18149502
+5 0 432131
+5 0 432131
+5 0 536397
+5 0 568188
+5 0 730311
+5 0 227410
+9 0 227410
+4 0 227410
+3 0 227410
+6 0 227410
+5 0 227410
+7 0 227410
+1 0 227410

fn=(58)
0x3e40 0 54004
+1 0 54004
+3 0 54004
+4 0 54004
+4 0 54004
+8 0 54004
+4 0 54004
+4 0 54004
+4 0 54004
+4 0 54004
+3 0 54004
+4 0 54004
+4 0 54004
+5 0 54004
-24 0 136620
+4 0 136620
+4 0 136620
+3 0 136620
+4 0 136620
+4 0 136620
+5 0 136620
+6 0 136620
+4 0 136620
+4 0 136620
+3 0 136620
+4 0 136620
+4 0 136620
+3 0 136620
+5 0 54004
+4 0 54004
+4 0 54004
+4 0 54004
+4 0 54004
+1 0 54004

fn=(70)
0x1300 0 48589
+1 0 48589
+3 0 48589
+7 0 48589
+9 0 48589
+4 0 48589
+7 0 48589
+7 0 48589
+7 0 48589
cfn=(72)
calls=48589 0x42a0 0 
* 0 826013
+5 0 48589
+3 0 48589
+21 0 48589
+3 0 48589
+5 0 48589
+5 0 48589
+6 0 41188
+10 0 41188
+5 0 7401
+3 0 7401
+5 0 7401
+5 0 7401
+6 0 7369
+10 0 7369
+5 0 32
+10 0 32
+6 0 32
+9 0 32
+4 0 32
+3 0 32
+6 0 32
-28 0 48557
+6 0 48557
+9 0 48557
+4 0 48557
+3 0 48557
+6 0 48557
+6 0 48589
+6 0 48589
+7 0 48589
+1 0 48589

fn=(308)
0x3d70 0 1517714
+1 0 1517714
+3 0 1517714
+4 0 1517714
+4 0 1517714
+8 0 1517714
+4 0 1517714
+4 0 1517714
+4 0 1517714
+4 0 1517714
+5 0 1517714
+29 0 1517714
+5 0 2707721
+2 0 2707721
+2 0 2707721
+4 0 2707721
+4 0 2707721
+4 0 2707721
+3 0 2707721
+3 0 2707721
+6 0 2702145
+4 0 2702145
+4 0 2702145
+4 0 2702145
+4 0 2702145
+4 0 2702145
+4 0 2702145
+2 0 2702145
+4 0 2702145
+4 0 2702145
+3 0 2702145
+2 0 2702145
-5 0 5576
+3 0 5576
+2 0 5576
+6 0 1517714
+5 0 1190007
+4 0 1190007
+4 0 1190007
+4 0 1190007
+5 0 1517714
+4 0 1517714
+4 0 1517714
+4 0 1517714
+4 0 1517714
+4 0 1517714
+4 0 1517714
+2 0 1517714
+3 0 1517714
+3 0 1517714
+1 0 1517714

fn=(310)
0x3650 0 1452
+1 0 1452
+3 0 1452
+7 0 1452
+9 0 1452
+4 0 1452
+7 0 1452
+7 0 1452
+6 0 1452
+6 0 1452
+7 0 1452
cfn=(78)
calls=1452 0x3bd0 0 
* 0 283140
+5 0 1452
+6 0 1452
+3 0 1452
+6 0 1452
+6 0 1452
+6 0 1452
-12 0 17891
+6 0 17891
+6 0 17891
+6 0 17891
+7 0 17891
+7 0 17891
+7 0 17891
+3 0 17891
+7 0 17891
+3 0 17891
+3 0 17891
+5 0 17891
cob=(2)
cfi=(1)
cfn=(176)
calls=17891 0x161c50 0 
* 0 536730
* 0 17891
+5 0 17891
+7 0 17891
+4 0 17891
+7 0 17891
+2 0 17891
+2 0 17891
+6 0 17891
+6 0 17891
+6 0 17891
-22 0 859005
+2 0 859005
+2 0 859005
+6 0 859005
+6 0 859005
+6 0 859005
+6 0 859005
+7 0 859005
+7 0 859005
+6 0 859005
+6 0 859005
cfn=(306)
calls=859005 0x3580 0 
* 0 129218689
+5 0 859005
+3 0 859005
+4 0 859005
+7 0 859005
+6 0 859005
+2 0 859005
-8 0 17891
+6 0 17891
+2 0 17891
+6 0 17891
+5 0 859005
+7 0 859005
+6 0 859005
+3 0 859005
+3 0 859005
+7 0 859005
+3 0 859005
+7 0 859005
+7 0 859005
+7 0 859005
+3 0 859005
+3 0 859005
+3 0 859005
+5 0 859005
cob=(2)
cfi=(1)
cfn=(176)
calls=859005 0x161c50 0 
* 0 25770150
* 0 859005
+5 0 859005
+6 0 859005
+3 0 859005
+6 0 859005
+5 0 17891
+7 0 17891
+6 0 17891
+3 0 17891
+3 0 17891
+7 0 17891
+3 0 17891
+7 0 17891
+3 0 17891
+3 0 17891
+5 0 17891
cob=(2)
cfi=(1)
cfn=(176)
calls=17891 0x161c50 0 
* 0 536730
* 0 17891
+5 0 17891
+6 0 17891
+3 0 17891
+6 0 17891
+5 0 1452
+9 0 1452
+4 0 1452
+3 0 1452
+6 0 1452
+7 0 1452
+1 0 1452

fn=(56)
0x40b0 0 54004
+1 0 54004
+3 0 54004
+4 0 54004
+4 0 54004
+5 0 54004
+6 0 54004
+4 0 54004
+4 0 54004
+4 0 54004
+4 0 54004
+4 0 54004
cfn=(46)
calls=54004 0x3f40 0 
* 0 1687004
+5 0 54004
+4 0 54004
+4 0 54004
+3 0 54004
+4 0 54004
+4 0 54004
+4 0 54004
-8 0 50145
+4 0 50145
+4 0 50145
+6 0 50145
+4 0 50145
+2 0 50145
+3 0 50145
+4 0 50145
+2 0 50145
+4 0 50145
+3 0 50145
+4 0 50145
+4 0 50145
+2 0 50145
+3 0 50145
+4 0 50145
+3 0 50145
+4 0 50145
+4 0 50145
+2 0 50145
+5 0 54004
+5 0 54004
+4 0 54004
+4 0 54004
+1 0 54004

fn=(80)
0x3bf0 0 33243
+1 0 33243
+3 0 33243
+4 0 33243
+4 0 33243
+3 0 33243
+4 0 33243
+3 0 33243
cfn=(36)
calls=33243 0x3d20 0 
* 0 552981
+5 0 33243
+3 0 33243
+5 0 33243
cfn=(38)
calls=33243 0x3b70 0 
* 0 1030533
+5 0 33243
+4 0 33243
+1 0 33243

fn=(68)
0x2c20 0 26067
+1 0 26067
+3 0 26067
+4 0 26067
+4 0 26067
+4 0 26067
+4 0 26067
+7 0 26067
+4 0 26067
+2 0 26067
cfn=(32)
calls=26067 0x2640 0 
* 0 23978632
+5 0 26067
+4 0 26067
+2 0 26067
+6 0 26067
+3 0 26067
+3 0 26067
+6 0 26067
+4 0 26067
+4 0 26067
cfn=(70)
calls=26067 0x1300 0 
* 0 1168840
+5 0 26067
+3 0 26067
+6 0 5461
+7 0 5461
+2 0 5461
cfn=(32)
calls=5461 0x2640 0 
* 0 753618
+5 0 5461
+3 0 5461
+5 0 20606
+4 0 20606
+3 0 20606
+6 0 20606
+6 0 20606
+6 0 16
+7 0 16
+2 0 16
cfn=(32)
calls=16 0x2640 0 
* 0 2208
+5 0 16
+3 0 16
+5 0 20590
+4 0 20590
+3 0 20590
+6 0 20590
+6 0 20590
+28 0 20590
+4 0 20590
+3 0 20590
+6 0 20590
+6 0 20590
+28 0 20590
+4 0 20590
+3 0 20590
+3 0 20590
+3 0 20590
+6 0 7676
+7 0 7676
+2 0 7676
cfn=(32)
calls=7676 0x2640 0 
* 0 1059288
+5 0 7676
+3 0 7676
* 0 12914
+5 0 20590
+5 0 20590
+5 0 20606
+5 0 26067
+5 0 26067
+7 0 26067
+2 0 26067
cfn=(32)
calls=26067 0x2640 0 
* 0 3753648
+5 0 26067
+5 0 26067
+3 0 26067
+2 0 26067
+4 0 26067
+1 0 26067

fn=(294)
0x1520 0 1908
+1 0 1908
+3 0 1908
+4 0 1908
+4 0 1908
+4 0 1908
+4 0 1908
+7 0 1908
+7 0 1908
+4 0 1908
cob=(2)
cfi=(1)
cfn=(274)
calls=1908 0xc47b0 0 
* 0 956602
* 0 1908
+5 0 1908
+4 0 1908
+4 0 1908
+32 0 1908
+5 0 28094
+4 0 28094
cob=(2)
cfi=(1)
cfn=(284)
calls=28094 0xc49b0 0 
* 0 1167644
* 0 28094
+5 0 28094
+4 0 28094
+4 0 28094
+6 0 26186
+4 0 26186
cfn=(296)
calls=26186 0x3eb0 0 
* 0 42988324
+5 0 26186
+4 0 26186
+4 0 26186
+7 0 26186
+3 0 26186
+4 0 26186
+4 0 26186
+18 0 26186
+4 0 26186
+4 0 26186
+3 0 26186
cfn=(296)
calls=26186 0x3eb0 0 
* 0 15408204
+5 0 26186
+4 0 26186
+4 0 26186
+7 0 26186
+3 0 26186
+4 0 26186
+4 0 26186
+18 0 26186
+4 0 26186
+4 0 26186
+4 0 26186
+3 0 26186
cfn=(288)
calls=26186 0x13d0 0 
* 0 60194014
+5 0 26186
+4 0 26186
+4 0 26186
+7 0 26186
+3 0 26186
+4 0 26186
+4 0 26186
+18 0 26186
+4 0 26186
+4 0 26186
+7 0 26186
+3 0 26186
+4 0 26186
+4 0 26186
+4 0 26186
+7 0 26186
+3 0 26186
+4 0 26186
+3 0 26186
cfn=(72)
calls=26186 0x42a0 0 
* 0 445162
+5 0 26186
+3 0 26186
+18 0 26186
+4 0 26186
+3 0 26186
+2 0 26186
+3 0 26186
+3 0 26186
+3 0 26186
+7 0 26186
+3 0 26186
+4 0 26186
+4 0 26186
+3 0 26186
+2 0 26186
+3 0 26186
+5 0 1908
+4 0 1908
cob=(2)
cfi=(1)
cfn=(292)
calls=1908 0xc47f0 0 
* 0 283219
* 0 1908
+5 0 1908
+3 0 1908
+3 0 1908
cfn=(44)
calls=1908 0x3970 0 
* 0 847063
+5 0 1908
+4 0 1908
+4 0 1908
+3 0 1908
+4 0 1908
+2 0 1908
+7 0 1908
+3 0 1908
+4 0 1908
+1 0 1908

fn=(46)
0x3f40 0 257833
+1 0 257833
+3 0 257833
+4 0 257833
+8 0 257833
+4 0 257833
+4 0 257833
+4 0 257833
-12 0 6777310
+4 0 6777310
+4 0 6777310
+4 0 6777310
+6 0 6777310
+4 0 6777310
+4 0 6777310
+4 0 6777310
+5 0 257833
+4 0 257833
+1 0 257833

fn=(66)
0x3b40 0 432131
+1 0 432131
+3 0 432131
+4 0 432131
+3 0 432131
+3 0 432131
+4 0 432131
+5 0 432131
cfn=(38)
calls=432131 +25 0 
* 0 13396061
+5 0 432131
+4 0 432131
+1 0 432131

totals: 1036605322
