# callgrind format
version: 1
creator: callgrind-3.14.0
pid: 9410
cmd:  ./ft_ls -lRraF ../../../Desktop
part: 1


desc: I1 cache: 
desc: D1 cache: 
desc: LL cache: 

desc: Timerange: Basic block 0 - 221530948
desc: Trigger: Program termination

positions: instr line
events: Ir
summary: 1033686391


ob=(4) ???
fl=(2) ???
fn=(204) 0x0000000004893460
0x4893460 0 415121
+4 0 415121
cob=(1) /usr/lib/libc-2.29.so
cfi=(1) ???
cfn=(206) __strlen_avx2
calls=415121 0x15ec40 0 
* 0 8767336

fn=(30) 0x00000000048934c0
0x48934c0 0 631969
+4 0 631969
cob=(1)
cfi=(1)
cfn=(32) __memcpy_avx_unaligned_erms
calls=631969 0x161c50 0 
* 0 8198958

fn=(42) 0x0000000004a345a0
0x4a345a0 0 631969
+4 0 631969
cob=(1)
cfi=(1)
cfn=(44) __ctype_b_loc
calls=631969 0x334e0 0 
* 0 2527876

fn=(60) 0x0000000004893470
0x4893470 0 682792
+4 0 682792
cob=(1)
cfi=(1)
cfn=(62) __strchr_avx2
calls=682792 0x15e650 0 
* 0 19662840

fn=(138) 0x0000000004a344f0
0x4a344f0 0 50823
+4 0 50823
cob=(1)
cfi=(1)
cfn=(140) fopen@@GLIBC_2.2.5
calls=50823 0x73240 0 
* 0 24242571

fn=(418) 0x0000000004a3a90c
0x4a3a90c 0 1
+4 0 1
+4 0 1
+4 0 1

fn=(386) 0x000000000010c2b4
0x10c2b4 0 1
+4 0 1
+4 0 1
+4 0 1

fn=(56) 0x0000000004a34380
0x4a34380 0 216848
+4 0 216848
cob=(1)
cfi=(1)
cfn=(58) _nss_files_parse_pwent
calls=216848 0xc8a00 0 
* 0 126912627

fn=(402) 0x000000000482e288
0x482e288 0 1
+4 0 1
+4 0 1
+4 0 1

fn=(26) 0x0000000004893420
0x4893420 0 631969
+4 0 631969
cob=(1)
cfi=(1)
cfn=(28) __memchr_avx2
calls=631969 0x15aaa0 0 
* 0 16312861

fn=(4) 0x0000000004893310
0x4893310 0 105588
+4 0 105588
cob=(1)
cfi=(1)
cfn=(6) malloc
calls=105588 0x875d0 0 
* 0 27431826

fn=(78) 0x0000000004a34390
0x4a34390 0 50824
+4 0 50824
cob=(1)
cfi=(1)
cfn=(80) fclose@@GLIBC_2.2.5
calls=50824 0x72800 0 
* 0 27393660

fn=(200) 0x0000000004a34580
0x4a34580 0 415121
+4 0 415121
cob=(1)
cfi=(1)
cfn=(202) _nss_files_parse_grent
calls=415121 0xc6d60 0 
* 0 148094369

fn=(168) 0x0000000004a34530
0x4a34530 0 631968
+4 0 631968
cob=(1)
cfi=(1)
cfn=(24) __libc_readline_unlocked
calls=631968 0x7d2d0 0 
* 0 99881984

fn=(94) 0x0000000004893330
0x4893330 0 156417
+4 0 156417
cob=(1)
cfi=(1)
cfn=(96) free
calls=156417 0x87c70 0 
* 0 12932623

ob=(3) /usr/lib/libnss_files-2.29.so
fl=(3) ???
fn=(76) _nss_files_getpwuid_r
0x6d20 0 25411
+4 0 25411
+2 0 25411
+3 0 25411
+2 0 25411
+3 0 25411
+2 0 25411
+3 0 25411
+2 0 25411
+1 0 25411
+3 0 25411
+1 0 25411
+3 0 25411
+4 0 25411
+9 0 25411
+5 0 25411
+2 0 25411
+3 0 25411
+8 0 25411
cfn=(258) 0x0000000000006a90
calls=25411 0x6a90 0 
* 0 12553034
+5 0 25411
+3 0 25411
+3 0 25411
+2 0 25412
+5 0 25412
+9 0 25412
+2 0 25412
+4 0 25412
+3 0 25412
+1 0 25412
+1 0 25412
+2 0 25412
+2 0 25412
+2 0 25412
+2 0 25412
+6 0 25412
+3 0 25412
+3 0 25412
+3 0 25412
+2 0 25412
+2 0 216847
+4 0 216847
+3 0 216847
+3 0 216847
+3 0 216847
+3 0 216847
cfn=(266) 0x0000000000006960
calls=216847 0x6960 0 
* 0 183658134
cfn=(34) 0x000000000000699e
calls=1 0x6a15 0 
+4 0 1008
+5 0 216848
+3 0 216848
+3 0 216848
+2 0 216848
+4 0 216848
+2 0 25412
+8 0 25412
+4 0 25412
+3 0 25412
+2 0 25412
cob=(4)
cfi=(2)
cfn=(78)
calls=25412 0x4a34390 0 
* 0 13747654
+5 0 25412

fn=(134) 0x0000000000006610
0x6610 0 25412
+1 0 25412
+3 0 25412
+3 0 25412
+3 0 25412
+12 0 25412
+1 0 25412
+9 0 25412
+7 0 25412
+7 0 25412
cob=(4)
cfi=(2)
cfn=(138)
calls=25412 0x4a344f0 0 
* 0 12172348
+5 0 25412
+3 0 25412
+3 0 25412
+5 0 25412
+3 0 25412

fn=(404) 0x0000000000003620
0x3620 0 1
+4 0 1
+7 0 1
+2 0 1
+1 0 1
+8 0 1
+3 0 1
+2 0 1
+7 0 1
cob=(1)
cfi=(1)
cfn=(374) __cxa_finalize
calls=1 0x3d310 0 
* 0 75
+6 0 1
cfn=(412) 0x00000000000035b0
calls=1 0x35b0 0 
* 0 5
+5 0 1
+7 0 1
+1 0 1

fn=(132) _nss_files_getgrgid_r
0x68a0 0 25412
+4 0 25412
+2 0 25412
+3 0 25412
+2 0 25412
+3 0 25412
+2 0 25412
+3 0 25412
+2 0 25412
+1 0 25412
+3 0 25412
+1 0 25412
+3 0 25412
+4 0 25412
+9 0 25412
+5 0 25412
+2 0 25412
+3 0 25412
+8 0 25412
cfn=(134)
calls=25412 0x6610 0 
* 0 12553528
+5 0 25412
+3 0 25412
+3 0 25412
+2 0 25412
+5 0 25412
+9 0 25412
+2 0 25412
+4 0 25412
+3 0 25412
+1 0 25412
+1 0 25412
+2 0 25412
+2 0 25412
+2 0 25412
+2 0 25412
+6 0 25412
+3 0 25412
+3 0 25412
+3 0 25412
+2 0 25412
+2 0 415121
+4 0 415121
+3 0 415121
+3 0 415121
+3 0 415121
+3 0 415121
cfn=(164) 0x00000000000064e0
calls=415121 0x64e0 0 
* 0 232940323
+5 0 415121
+3 0 415121
+3 0 415121
+2 0 415121
+4 0 415121
+2 0 25412
+8 0 25412
+4 0 25412
+3 0 25412
+2 0 25412
cob=(4)
cfi=(2)
cfn=(78)
calls=25412 0x4a34390 0 
* 0 13747654
+5 0 25412

fn=(412)
0x35b0 0 1
+7 0 1
+7 0 1
+3 0 1
+23 0 1

fn=(266)
0x6960 0 216847
+2 0 216847
+3 0 216847
+2 0 216847
+3 0 216847
+2 0 216847
+3 0 216847
+2 0 216847
+3 0 216847
+1 0 216847
+3 0 216847
+1 0 216847
+4 0 216847
+5 0 216847
+4 0 216847
+6 0 216847
+4 0 216847
+3 0 216847
+3 0 216847
+3 0 216847
cob=(4)
cfi=(2)
cfn=(168)
calls=216847 0x4a34530 0 
* 0 42867710
+5 0 216847
+3 0 216847
+3 0 216847
+2 0 216847
+2 0 216847
cob=(4)
cfi=(2)
cfn=(42)
calls=216847 0x4a345a0 0 
* 0 1301082
+5 0 216847
+3 0 216847
+3 0 216847
+9 0 216847
+4 0 216847
+5 0 216847
+2 0 216847
+2 0 216847
+2 0 216847
+3 0 216847
+2 0 216847
+5 0 216847
+3 0 216847
+3 0 216847
+3 0 216847
+8 0 216847
cob=(4)
cfi=(2)
cfn=(56)
calls=216847 0x4a34380 0 
* 0 127345910
+5 0 216847
+3 0 216847
+2 0 216847
+2 0 216847
+2 0 216847
+6 0 216847
+27 0 216847
+4 0 216847
+3 0 216847
+1 0 216847
+1 0 216847
+2 0 216847
+2 0 216847
+2 0 216847
+2 0 216847

fn=(34)
cob=(1)
cfi=(1)
cfn=(24)
calls=1 0x7d365 0 
0x699d 0 553
0x699e 0 1
+3 0 1
+3 0 1
+2 0 1
+2 0 1
cob=(4)
cfi=(2)
cfn=(42)
calls=1 0x4a345a0 0 
* 0 6
+5 0 1
+3 0 1
+3 0 1
+9 0 1
+4 0 1
+5 0 1
+2 0 1
+2 0 1
+2 0 1
+3 0 1
+2 0 1
+5 0 1
+3 0 1
+3 0 1
+3 0 1
+8 0 1
cob=(4)
cfi=(2)
cfn=(56)
calls=1 0x4a34380 0 
* 0 413
+5 0 1
+3 0 1
+2 0 1
+2 0 1
+2 0 1
+6 0 1
+27 0 1
+4 0 1
+3 0 1
+1 0 1
+1 0 1
+2 0 1
+2 0 1
+2 0 1
+2 0 1

fn=(258)
0x6a90 0 25411
+1 0 25411
+3 0 25411
+3 0 25411
+3 0 25411
+12 0 25411
+1 0 25411
+9 0 25411
+7 0 25411
+7 0 25411
cob=(4)
cfi=(2)
cfn=(138)
calls=25411 0x4a344f0 0 
* 0 12171869
+5 0 25411
+3 0 25411
+3 0 25411
+5 0 25411
+3 0 25411

fn=(164)
0x64e0 0 415121
+2 0 415121
+3 0 415121
+2 0 415121
+3 0 415121
+2 0 415121
+3 0 415121
+2 0 415121
+3 0 415121
+1 0 415121
+3 0 415121
+1 0 415121
+4 0 415121
+5 0 415121
+4 0 415121
+6 0 415121
+4 0 415121
+3 0 415121
+3 0 415121
+3 0 415121
cob=(4)
cfi=(2)
cfn=(168)
calls=415121 0x4a34530 0 
* 0 58278210
+5 0 415121
+3 0 415121
+3 0 415121
+2 0 415121
+2 0 415121
cob=(4)
cfi=(2)
cfn=(42)
calls=415121 0x4a345a0 0 
* 0 2490726
+5 0 415121
+3 0 415121
+3 0 415121
+9 0 415121
+4 0 415121
+5 0 415121
+2 0 415121
+2 0 415121
+2 0 415121
+3 0 415121
+2 0 415121
+5 0 415121
+3 0 415121
+3 0 415121
+3 0 415121
+8 0 415121
cob=(4)
cfi=(2)
cfn=(200)
calls=415121 0x4a34580 0 
* 0 148924611
+5 0 415121
+3 0 415121
+2 0 415121
+2 0 415121
+2 0 415121
+6 0 415121
+27 0 415121
+4 0 415121
+3 0 415121
+1 0 415121
+1 0 415121
+2 0 415121
+2 0 415121
+2 0 415121
+2 0 415121

ob=(2) /home/emptycee/Desktop/ft_ls_git/ft_ls_/ft_ls
fl=(4) ???
fn=(228) ft_strcpy
0x3e40 0 52756
+1 0 52756
+3 0 52756
+4 0 52756
+4 0 52756
+8 0 52756
+4 0 52756
+4 0 52756
+4 0 52756
+4 0 52756
+3 0 52756
+4 0 52756
+4 0 52756
+5 0 52756
-24 0 132798
+4 0 132798
+4 0 132798
+3 0 132798
+4 0 132798
+4 0 132798
+5 0 132798
+6 0 132798
+4 0 132798
+4 0 132798
+3 0 132798
+4 0 132798
+4 0 132798
+3 0 132798
+5 0 52756
+4 0 52756
+4 0 52756
+4 0 52756
+4 0 52756
+1 0 52756

fn=(240) ft_dir_check
0x1300 0 46972
+1 0 46972
+3 0 46972
+7 0 46972
+9 0 46972
+4 0 46972
+7 0 46972
+7 0 46972
+7 0 46972
cfn=(242) lstat
calls=46972 0x42a0 0 
* 0 798524
+5 0 46972
+3 0 46972
+21 0 46972
+3 0 46972
+5 0 46972
+5 0 46972
+6 0 39135
+10 0 39135
+5 0 7837
+3 0 7837
+5 0 7837
+5 0 7837
+6 0 7805
+10 0 7805
+5 0 32
+10 0 32
+6 0 32
+9 0 32
+4 0 32
+3 0 32
+6 0 32
-28 0 46940
+6 0 46940
+9 0 46940
+4 0 46940
+3 0 46940
+6 0 46940
+6 0 46972
+6 0 46972
+7 0 46972
+1 0 46972

fn=(310) ft_sort_comp
0x3580 0 896149
+1 0 896149
+3 0 896149
+4 0 896149
+4 0 896149
+4 0 896149
+3 0 896149
+3 0 896149
+7 0 896149
+4 0 896149
+4 0 896149
+7 0 896149
+3 0 896149
+4 0 896149
+4 0 896149
+4 0 896149
+7 0 896149
+3 0 896149
+4 0 896149
cfn=(312) ft_strcmp
calls=896149 0x3d70 0 
* 0 63558851
+5 0 896149
+3 0 896149
+3 0 896149
+6 0 228175
+3 0 228175
+3 0 228175
+5 0 667974
+4 0 667974
+4 0 667974
+7 0 667974
+3 0 667974
+4 0 667974
+4 0 667974
+4 0 667974
+7 0 667974
+3 0 667974
+4 0 667974
cfn=(312)
calls=667974 0x3d70 0 
* 0 38952687
+5 0 667974
+3 0 667974
+3 0 667974
+6 0 667974
+3 0 667974
+3 0 667974
+16 0 896149
+3 0 896149
+4 0 896149
+1 0 896149

fn=(226) ft_strrev
0x40b0 0 52756
+1 0 52756
+3 0 52756
+4 0 52756
+4 0 52756
+5 0 52756
+6 0 52756
+4 0 52756
+4 0 52756
+4 0 52756
+4 0 52756
+4 0 52756
cfn=(218) ft_strlen
calls=52756 0x3f40 0 
* 0 1642700
+5 0 52756
+4 0 52756
+4 0 52756
+3 0 52756
+4 0 52756
+4 0 52756
+4 0 52756
-8 0 49002
+4 0 49002
+4 0 49002
+6 0 49002
+4 0 49002
+2 0 49002
+3 0 49002
+4 0 49002
+2 0 49002
+4 0 49002
+3 0 49002
+4 0 49002
+4 0 49002
+2 0 49002
+3 0 49002
+4 0 49002
+3 0 49002
+4 0 49002
+4 0 49002
+2 0 49002
+5 0 52756
+5 0 52756
+4 0 52756
+4 0 52756
+1 0 52756

fn=(250) ft_putendl_fd
0x3bf0 0 32776
+1 0 32776
+3 0 32776
+4 0 32776
+4 0 32776
+3 0 32776
+4 0 32776
+3 0 32776
cfn=(116) ft_putstr_fd
calls=32776 0x3d20 0 
* 0 548102
+5 0 32776
+3 0 32776
+5 0 32776
cfn=(118) ft_putchar_fd
calls=32776 0x3b70 0 
* 0 1016056
+5 0 32776
+4 0 32776
+1 0 32776

fn=(114) ft_putstr
0x3d00 0 260027
+1 0 260027
+3 0 260027
+4 0 260027
+4 0 260027
+4 0 260027
+5 0 260027
cfn=(116)
calls=260027 +11 0 
* 0 60081515
+5 0 260027
+4 0 260027
+1 0 260027

fn=(238) ft_print_def
0x2c20 0 25412
+1 0 25412
+3 0 25412
+4 0 25412
+4 0 25412
+4 0 25412
+4 0 25412
+7 0 25412
+4 0 25412
+2 0 25412
cfn=(112) ft_print_f
calls=25412 0x2640 0 
* 0 20661005
+5 0 25412
+4 0 25412
+2 0 25412
+6 0 25412
+3 0 25412
+3 0 25412
+6 0 25412
+4 0 25412
+4 0 25412
cfn=(240)
calls=25412 0x1300 0 
* 0 1141516
+5 0 25412
+3 0 25412
+6 0 5835
+7 0 5835
+2 0 5835
cfn=(112)
calls=5835 0x2640 0 
* 0 805230
+5 0 5835
+3 0 5835
+5 0 19577
+4 0 19577
+3 0 19577
+6 0 19577
+6 0 19577
+6 0 16
+7 0 16
+2 0 16
cfn=(112)
calls=16 0x2640 0 
* 0 2208
+5 0 16
+3 0 16
+5 0 19561
+4 0 19561
+3 0 19561
+6 0 19561
+6 0 19561
+28 0 19561
+4 0 19561
+3 0 19561
+6 0 19561
+6 0 19561
+28 0 19561
+4 0 19561
+3 0 19561
+3 0 19561
+3 0 19561
+6 0 7829
+7 0 7829
+2 0 7829
cfn=(112)
calls=7829 0x2640 0 
* 0 1080402
+5 0 7829
+3 0 7829
* 0 11732
+5 0 19561
+5 0 19561
+5 0 19577
+5 0 25412
+5 0 25412
+7 0 25412
+2 0 25412
cfn=(112)
calls=25412 0x2640 0 
* 0 3659328
+5 0 25412
+5 0 25412
+3 0 25412
+2 0 25412
+4 0 25412
+1 0 25412

fn=(236) ft_putchar
0x3b40 0 422240
+1 0 422240
+3 0 422240
+4 0 422240
+3 0 422240
+3 0 422240
+4 0 422240
+5 0 422240
cfn=(118)
calls=422240 +25 0 
* 0 13089440
+5 0 422240
+4 0 422240
+1 0 422240

fn=(112)
0x2640 0 222884
+1 0 222884
+3 0 222884
+7 0 222884
+2 0 222884
+7 0 222884
+7 0 222884
+7 0 222884
+7 0 222884
+7 0 222884
+7 0 222884
+7 0 222884
+7 0 222884
+7 0 222884
+7 0 222884
+7 0 222884
+7 0 222884
+7 0 222884
+7 0 222884
0x2716 0 222884
+7 0 222884
+7 0 222884
+7 0 222884
+7 0 222884
+7 0 222884
+7 0 222884
+7 0 222884
+7 0 222884
+7 0 222884
+7 0 222884
+7 0 222884
+4 0 222884
+9 0 222884
+4 0 222884
+4 0 222884
+7 0 222884
+7 0 222884
+4 0 222884
+4 0 222884
+4 0 222884
+8 0 222884
+7 0 222884
+4 0 222884
+3 0 222884
+3 0 222884
+3 0 222884
+3 0 222884
+4 0 222884
-20 0 713589
+4 0 713589
+3 0 713589
+3 0 713589
+3 0 713589
+3 0 713589
+4 0 713589
+6 0 713589
+4 0 713589
+4 0 713589
+4 0 713589
+3 0 713589
+6 0 158380
+4 0 158380
+3 0 158380
+3 0 158380
+7 0 158380
+6 0 158380
+6 0 158380
+6 0 158380
+3 0 158380
+7 0 158380
+4 0 158380
+3 0 158380
+2 0 158380
+7 0 158380
+34 0 158380
+7 0 158380
+3 0 158380
cfn=(114)
calls=158380 0x3d00 0 
* 0 56176377
+5 0 158380
+5 0 555209
+4 0 555209
+4 0 555209
+4 0 555209
+3 0 555209
+6 0 31322
+7 0 31322
cfn=(248) ft_putendl
calls=31322 0x3bd0 0 
* 0 2067252
+5 0 31322
+5 0 523887
+4 0 523887
+4 0 523887
+4 0 523887
+3 0 523887
+6 0 101647
+7 0 101647
cfn=(114)
calls=101647 0x3d00 0 
* 0 6505408
+5 0 101647
+5 0 422240
+4 0 422240
+4 0 422240
+4 0 422240
+3 0 422240
+23 0 422240
+4 0 422240
+4 0 422240
+4 0 422240
+6 0 422240
+4 0 422240
+4 0 422240
+4 0 422240
cfn=(236)
calls=422240 0x3b40 0 
* 0 17734080
+5 0 422240
+5 0 422240
+5 0 523887
+5 0 555209
+5 0 713589
+5 0 222884
+9 0 222884
+4 0 222884
+3 0 222884
+6 0 222884
+5 0 222884
+7 0 222884
+1 0 222884

fn=(220) ft_strnew
0x3f80 0 52756
+1 0 52756
+3 0 52756
+4 0 52756
+4 0 52756
+4 0 52756
+4 0 52756
+4 0 52756
cob=(1)
cfi=(1)
cfn=(6)
calls=52756 0x875d0 0 
* 0 3326590
* 0 52756
+5 0 52756
+4 0 52756
+4 0 52756
+19 0 52756
+2 0 52756
+4 0 52756
+4 0 52756
+4 0 52756
+3 0 52756
cfn=(224) ft_memset
calls=52756 0x3af0 0 
* 0 3070744
+5 0 52756
+4 0 52756
+4 0 52756
+4 0 52756
+1 0 52756

fn=(270) ft_dirs
cfn=(252) ft_prints
calls=1 0x31fa 0 
0x1777 0 147659
0x1778 0 1
+4 0 1
+3 0 1
cfn=(272) ft_dir_clean
calls=1 0x1200 0 
* 0 5671
+5 0 1
+4 0 1
+2 0 1
+5 0 1
+3 0 1
+6 0 1
+4 0 1
cob=(1)
cfi=(1)
cfn=(276) opendir
calls=1 0xc47b0 0 
* 0 2579
* 0 1
+5 0 1
+4 0 1
+4 0 1
+16 0 1
+5 0 112
+4 0 112
cob=(1)
cfi=(1)
cfn=(286) readdir
calls=112 0xc49b0 0 
* 0 4531
* 0 112
+5 0 112
+4 0 112
+4 0 112
+6 0 107
+4 0 107
+4 0 107
+3 0 107
+6 0 6
+4 0 6
+4 0 6
+3 0 6
+6 0 104
+4 0 104
+4 0 104
+3 0 104
+6 0 3
+4 0 3
+4 0 3
+3 0 3
+6 0 3
+4 0 3
+4 0 3
+3 0 3
+6 0 6
+5 0 101
+4 0 101
+4 0 101
+4 0 101
+3 0 101
cfn=(290) ft_dir_path
calls=101 0x13d0 0 
* 0 120198
+5 0 101
+4 0 101
+3 0 101
cfn=(240)
calls=101 0x1300 0 
* 0 4752
+5 0 101
+3 0 101
+6 0 77
+4 0 77
+4 0 77
+4 0 77
cfn=(271) ft_dirs'2
calls=77 0x16f0 0 
* 0 1033392947
cfn=(271)
calls=1970 +31 0 
+4 0 1082467535671
cfn=(270)
calls=4 +31 0 
+4 0 226686312
+5 0 4
+3 0 4
+4 0 4
cob=(1)
cfi=(1)
cfn=(96)
calls=4 0x87c70 0 
* 0 400
* 0 4
-4 0 24
+4 0 24
cob=(1)
cfi=(1)
cfn=(96)
calls=24 0x87c70 0 
* 0 1992
* 0 24
+5 0 105
+5 0 5
+4 0 5
cob=(1)
cfi=(1)
cfn=(294) closedir
calls=5 0xc47f0 0 
* 0 965
* 0 5
+5 0 5
+3 0 5
+7 0 5
+3 0 5
+4 0 5
+1 0 5

fn=(271)
0x16f0 0 1970
+1 0 1970
+3 0 1970
+4 0 1970
+4 0 1970
+4 0 1970
+4 0 1970
+4 0 1970
+4 0 1970
+4 0 1970
cfn=(298) ft_dir_info
calls=1970 0x1520 0 
* 0 119759528
+5 0 1970
+3 0 1970
+18 0 1970
+4 0 1970
+3 0 1970
+6 0 1970
+4 0 1970
+2 0 1970
+6 0 1970
+3 0 1970
+6 0 1970
+4 0 1970
+2 0 1970
+3 0 1970
+3 0 1970
+6 0 1970
+4 0 1970
+4 0 1970
cfn=(304) ft_sorts
calls=1970 0x3940 0 
* 0 199303373
+5 0 1970
+4 0 1970
+4 0 1970
cfn=(252)
calls=1970 0x2f60 0 
* 0 648218520
+5 0 1970
+4 0 1970
+3 0 1970
cfn=(272)
calls=1970 0x1200 0 
* 0 8614601
+5 0 1970
+4 0 1970
+2 0 1970
+5 0 1970
+3 0 1970
+6 0 1970
+4 0 1970
cob=(1)
cfi=(1)
cfn=(276)
calls=1970 0xc47b0 0 
* 0 4096211
* 0 1970
+5 0 1970
+4 0 1970
+4 0 1970
+16 0 1970
+5 0 27369
+4 0 27369
cob=(1)
cfi=(1)
cfn=(286)
calls=27369 0xc49b0 0 
* 0 1140070
* 0 27369
+5 0 27369
+4 0 27369
+4 0 27369
+6 0 25399
+4 0 25399
+4 0 25399
+3 0 25399
+6 0 4041
+4 0 4041
+4 0 4041
+3 0 4041
+6 0 23429
+4 0 23429
+4 0 23429
+3 0 23429
+6 0 2071
+4 0 2071
+4 0 2071
+3 0 2071
+6 0 1970
+4 0 1970
+4 0 1970
+3 0 1970
+6 0 3940
+5 0 21459
+4 0 21459
+4 0 21459
+4 0 21459
+3 0 21459
cfn=(290)
calls=21459 0x13d0 0 
* 0 48347130
+5 0 21459
+4 0 21459
+3 0 21459
cfn=(240)
calls=21459 0x1300 0 
* 0 951816
+5 0 21459
+3 0 21459
+6 0 1893
+4 0 1893
+4 0 1893
+4 0 1893
cfn=(271)
calls=1893 0x16f0 0 
* 0 6006551181
+5 0 1970
+3 0 1970
+4 0 1970
cob=(1)
cfi=(1)
cfn=(96)
calls=1970 0x87c70 0 
* 0 186020
* 0 1970
-4 0 19566
+4 0 19566
cob=(1)
cfi=(1)
cfn=(96)
calls=19566 0x87c70 0 
* 0 1623978
* 0 19566
+5 0 21459
+5 0 1970
+4 0 1970
cob=(1)
cfi=(1)
cfn=(294)
calls=1970 0xc47f0 0 
* 0 337357
* 0 1970
+5 0 1970
+3 0 1970
+7 0 1970
+3 0 1970
+4 0 1970
+1 0 1970

fn=(118)
0x3b70 0 1790104
+1 0 1790104
+3 0 1790104
+4 0 1790104
+3 0 1790104
+9 0 1790104
+4 0 1790104
+3 0 1790104
+3 0 1790104
+3 0 1790104
+4 0 1790104
+5 0 1790104
cob=(1)
cfi=(1)
cfn=(122) write
calls=1790104 0xed1e0 0 
* 0 17901040
* 0 1790104
+5 0 1790104
+9 0 1790104
+4 0 1790104
+3 0 1790104
+4 0 1790104
+6 0 1790104
+4 0 1790104
+1 0 1790104

fn=(304)
0x3940 0 1970
+1 0 1970
+3 0 1970
+4 0 1970
+4 0 1970
+4 0 1970
+4 0 1970
+4 0 1970
+4 0 1970
+2 0 1970
cfn=(306) ft_sort_tim
calls=1970 0x3870 0 
* 0 199277763
+5 0 1970
+4 0 1970
+1 0 1970

fn=(308) ft_pow2
0x3820 0 3940
+1 0 3940
+3 0 3940
+3 0 3940
+3 0 3940
+2 0 3940
+3 0 3940
+3 0 3940
+3 0 3940
-14 0 10110
+3 0 10110
+2 0 10110
+3 0 10110
+3 0 10110
+3 0 10110
+6 0 14050
+2 0 14050
+3 0 14050
+3 0 14050
+2 0 14050
+3 0 14050
+6 0 3940
+3 0 3940
+3 0 3940
+5 0 10110
+11 0 3940
+3 0 3940
+1 0 3940

fn=(224)
0x3af0 0 78167
+1 0 78167
+3 0 78167
+4 0 78167
+3 0 78167
+4 0 78167
+4 0 78167
+4 0 78167
+4 0 78167
+3 0 78167
+4 0 78167
+4 0 78167
+4 0 78167
-19 0 465075
+4 0 465075
+3 0 465075
+4 0 465075
+4 0 465075
+4 0 465075
+6 0 465075
+3 0 465075
+2 0 465075
+4 0 465075
+4 0 465075
+3 0 465075
+5 0 78167
+4 0 78167
+1 0 78167

fn=(116)
0x3d20 0 292803
+1 0 292803
+3 0 292803
+4 0 292803
+4 0 292803
+3 0 292803
+4 0 292803
+3 0 292803
-7 0 1335088
+4 0 1335088
+3 0 1335088
+6 0 1335088
+4 0 1335088
+3 0 1335088
+4 0 1335088
+4 0 1335088
+2 0 1335088
+3 0 1335088
+3 0 1335088
cfn=(118)
calls=1335088 0x3b70 0 
* 0 41387728
+5 0 1335088
+5 0 292803
+4 0 292803
+1 0 292803

fn=(242)
0x42a0 0 72371
+4 0 72371
+3 0 72371
+3 0 72371
+5 0 72371
cob=(1)
cfi=(1)
cfn=(246) _lxstat
calls=72371 0xec800 0 
* 0 796081
* 0 72371

fn=(312)
0x3d70 0 1564123
+1 0 1564123
+3 0 1564123
+4 0 1564123
+4 0 1564123
+8 0 1564123
+4 0 1564123
+4 0 1564123
+4 0 1564123
+4 0 1564123
+5 0 1564123
+29 0 1564123
+5 0 2970009
+2 0 2970009
+2 0 2970009
+4 0 2970009
+4 0 2970009
+4 0 2970009
+3 0 2970009
+3 0 2970009
+6 0 2964327
+4 0 2964327
+4 0 2964327
+4 0 2964327
+4 0 2964327
+4 0 2964327
+4 0 2964327
+2 0 2964327
+4 0 2964327
+4 0 2964327
+3 0 2964327
+2 0 2964327
-5 0 5682
+3 0 5682
+2 0 5682
+6 0 1564123
+5 0 1405886
+4 0 1405886
+4 0 1405886
+4 0 1405886
+5 0 1564123
+4 0 1564123
+4 0 1564123
+4 0 1564123
+4 0 1564123
+4 0 1564123
+4 0 1564123
+2 0 1564123
+3 0 1564123
+3 0 1564123
+1 0 1564123

fn=(314) ft_sort_ins
0x3650 0 1454
+1 0 1454
+3 0 1454
+7 0 1454
+9 0 1454
+4 0 1454
+7 0 1454
+7 0 1454
+6 0 1454
+6 0 1454
+7 0 1454
cfn=(248)
calls=1454 0x3bd0 0 
* 0 283530
+5 0 1454
+6 0 1454
+3 0 1454
+6 0 1454
+6 0 1454
+6 0 1454
-12 0 17229
+6 0 17229
+6 0 17229
+6 0 17229
+7 0 17229
+7 0 17229
+7 0 17229
+3 0 17229
+7 0 17229
+3 0 17229
+3 0 17229
+5 0 17229
cob=(1)
cfi=(1)
cfn=(32)
calls=17229 0x161c50 0 
* 0 516870
* 0 17229
+5 0 17229
+7 0 17229
+4 0 17229
+7 0 17229
+2 0 17229
+2 0 17229
+6 0 17229
+6 0 17229
+6 0 17229
-22 0 894695
+2 0 894695
+2 0 894695
+6 0 894695
+6 0 894695
+6 0 894695
+6 0 894695
+7 0 894695
+7 0 894695
+6 0 894695
+6 0 894695
cfn=(310)
calls=894695 0x3580 0 
* 0 137624675
+5 0 894695
+3 0 894695
+4 0 894695
+7 0 894695
+6 0 894695
+2 0 894695
-8 0 17229
+6 0 17229
+2 0 17229
+6 0 17229
+5 0 894695
+7 0 894695
+6 0 894695
+3 0 894695
+3 0 894695
+7 0 894695
+3 0 894695
+7 0 894695
+7 0 894695
+7 0 894695
+3 0 894695
+3 0 894695
+3 0 894695
+5 0 894695
cob=(1)
cfi=(1)
cfn=(32)
calls=894695 0x161c50 0 
* 0 26840850
* 0 894695
+5 0 894695
+6 0 894695
+3 0 894695
+6 0 894695
+5 0 17229
+7 0 17229
+6 0 17229
+3 0 17229
+3 0 17229
+7 0 17229
+3 0 17229
+7 0 17229
+3 0 17229
+3 0 17229
+5 0 17229
cob=(1)
cfi=(1)
cfn=(32)
calls=17229 0x161c50 0 
* 0 516870
* 0 17229
+5 0 17229
+6 0 17229
+3 0 17229
+6 0 17229
+5 0 1454
+9 0 1454
+4 0 1454
+3 0 1454
+6 0 1454
+7 0 1454
+1 0 1454

fn=(380) 0x0000000000001130
0x1130 0 1
+7 0 1
+7 0 1
+3 0 1
+23 0 1

fn=(218)
0x3f40 0 250265
+1 0 250265
+3 0 250265
+4 0 250265
+8 0 250265
+4 0 250265
+4 0 250265
+4 0 250265
-12 0 6508335
+4 0 6508335
+4 0 6508335
+4 0 6508335
+6 0 6508335
+4 0 6508335
+4 0 6508335
+4 0 6508335
+5 0 250265
+4 0 250265
+1 0 250265

fn=(234) print_time_str
0x2920 0 25412
+1 0 25412
+3 0 25412
+4 0 25412
+4 0 25412
+7 0 25412
+2 0 25412
cfn=(112)
calls=25412 0x2640 0 
* 0 30596048
+5 0 25412
+3 0 25412
+4 0 25412
+1 0 25412

fn=(248)
0x3bd0 0 32776
+1 0 32776
+3 0 32776
+4 0 32776
+4 0 32776
+4 0 32776
+5 0 32776
cfn=(250)
calls=32776 +11 0 
* 0 2023022
+5 0 32776
+4 0 32776
+1 0 32776

fn=(290)
0x13d0 0 46959
+1 0 46959
+3 0 46959
+4 0 46959
+4 0 46959
+4 0 46959
+7 0 46959
+4 0 46959
cfn=(218)
calls=46959 0x3f40 0 
* 0 26492493
+5 0 46959
+4 0 46959
+4 0 46959
cfn=(218)
calls=46959 0x3f40 0 
* 0 7136541
+5 0 46959
+4 0 46959
+3 0 46959
+2 0 46959
+3 0 46959
+3 0 46959
+3 0 46959
+3 0 46959
+4 0 46959
+3 0 46959
cob=(1)
cfi=(1)
cfn=(6)
calls=46959 0x875d0 0 
* 0 4945937
* 0 46959
+5 0 46959
+4 0 46959
+4 0 46959
+19 0 46959
+5 0 3293952
+4 0 3293952
+3 0 3293952
+6 0 3246993
+4 0 3246993
+3 0 3246993
+4 0 3246993
+4 0 3246993
+2 0 3246993
+4 0 3246993
+3 0 3246993
+2 0 3246993
+3 0 3246993
+3 0 3246993
+3 0 3246993
+3 0 3246993
+5 0 46959
+4 0 46959
+3 0 46959
+3 0 46959
+3 0 46959
+4 0 46959
+3 0 46959
+23 0 46959
+4 0 46959
+3 0 46959
+2 0 46959
+3 0 46959
+3 0 46959
+3 0 46959
+4 0 46959
+5 0 874458
+4 0 874458
+3 0 874458
+6 0 827499
+4 0 827499
+3 0 827499
+4 0 827499
+4 0 827499
+2 0 827499
+4 0 827499
+3 0 827499
+2 0 827499
+3 0 827499
+3 0 827499
+3 0 827499
+3 0 827499
+5 0 46959
+4 0 46959
+4 0 46959
+4 0 46959
+4 0 46959
+4 0 46959
+4 0 46959
+4 0 46959
+1 0 46959

fn=(298)
0x1520 0 1970
+1 0 1970
+3 0 1970
+4 0 1970
+4 0 1970
+4 0 1970
+4 0 1970
+7 0 1970
+7 0 1970
+4 0 1970
cob=(1)
cfi=(1)
cfn=(276)
calls=1970 0xc47b0 0 
* 0 1018332
* 0 1970
+5 0 1970
+4 0 1970
+4 0 1970
+32 0 1970
+5 0 27369
+4 0 27369
cob=(1)
cfi=(1)
cfn=(286)
calls=27369 0xc49b0 0 
* 0 1140070
* 0 27369
+5 0 27369
+4 0 27369
+4 0 27369
+6 0 25399
+4 0 25399
cfn=(300) ft_strdup
calls=25399 0x3eb0 0 
* 0 42639157
+5 0 25399
+4 0 25399
+4 0 25399
+7 0 25399
+3 0 25399
+4 0 25399
+4 0 25399
+18 0 25399
+4 0 25399
+4 0 25399
+3 0 25399
cfn=(300)
calls=25399 0x3eb0 0 
* 0 13678970
+5 0 25399
+4 0 25399
+4 0 25399
+7 0 25399
+3 0 25399
+4 0 25399
+4 0 25399
+18 0 25399
+4 0 25399
+4 0 25399
+4 0 25399
+3 0 25399
cfn=(290)
calls=25399 0x13d0 0 
* 0 57929219
+5 0 25399
+4 0 25399
+4 0 25399
+7 0 25399
+3 0 25399
+4 0 25399
+4 0 25399
+18 0 25399
+4 0 25399
+4 0 25399
+7 0 25399
+3 0 25399
+4 0 25399
+4 0 25399
+4 0 25399
+7 0 25399
+3 0 25399
+4 0 25399
+3 0 25399
cfn=(242)
calls=25399 0x42a0 0 
* 0 431783
+5 0 25399
+3 0 25399
+18 0 25399
+4 0 25399
+3 0 25399
+2 0 25399
+3 0 25399
+3 0 25399
+3 0 25399
+7 0 25399
+3 0 25399
+4 0 25399
+4 0 25399
+3 0 25399
+2 0 25399
+3 0 25399
+5 0 1970
+4 0 1970
cob=(1)
cfi=(1)
cfn=(294)
calls=1970 0xc47f0 0 
* 0 311610
* 0 1970
+5 0 1970
+3 0 1970
+3 0 1970
cfn=(216) ft_itoa
calls=1970 0x3970 0 
* 0 861163
+5 0 1970
+4 0 1970
+4 0 1970
+3 0 1970
+4 0 1970
+2 0 1970
+7 0 1970
+3 0 1970
+4 0 1970
+1 0 1970

fn=(306)
0x3870 0 1970
+1 0 1970
+3 0 1970
+4 0 1970
+4 0 1970
+4 0 1970
+3 0 1970
+3 0 1970
cfn=(308)
calls=1970 0x3820 0 
* 0 107085
+5 0 1970
+3 0 1970
+25 0 1970
+3 0 1970
cfn=(308)
calls=1970 0x3820 0 
* 0 107085
+5 0 1970
+3 0 1970
+7 0 1970
+3 0 1970
+3 0 1970
+3 0 1970
-9 0 1454
+3 0 1454
+3 0 1454
+3 0 1454
+6 0 1454
+4 0 1454
+4 0 1454
+3 0 1454
+4 0 1454
+4 0 1454
+4 0 1454
+4 0 1454
+4 0 1454
+4 0 1454
+4 0 1454
+4 0 1454
+3 0 1454
+4 0 1454
+3 0 1454
+3 0 1454
+3 0 1454
+3 0 1454
cfn=(310)
calls=1454 0x3580 0 
* 0 226820
+5 0 1454
+4 0 1454
+4 0 1454
+3 0 1454
+2 0 1454
cfn=(314)
calls=1454 0x3650 0 
* 0 198750329
+5 0 1454
+3 0 1454
+3 0 1454
+3 0 1454
+5 0 1970
+4 0 1970
+1 0 1970

fn=(216)
0x3970 0 52793
+1 0 52793
+3 0 52793
+4 0 52793
+9 0 52793
+4 0 52793
+3 0 52793
+4 0 52793
+6 0 52793
+27 0 52793
+4 0 52793
+6 0 37
+7 0 37
cfn=(300)
calls=37 0x3eb0 0 
* 0 5897
+5 0 37
+4 0 37
+5 0 52756
+4 0 52756
+22 0 52756
+4 0 52756
+4 0 52756
+5 0 52756
+5 0 52756
+8 0 52756
+5 0 52756
-5 0 132798
+5 0 132798
+6 0 132798
+4 0 132798
+2 0 132798
+5 0 132798
+3 0 132798
+4 0 132798
+3 0 132798
+4 0 132798
+3 0 132798
+4 0 132798
+4 0 132798
+5 0 132798
+4 0 132798
+3 0 132798
+2 0 132798
+3 0 132798
+4 0 132798
+5 0 52756
+4 0 52756
+26 0 52756
+4 0 52756
+4 0 52756
+5 0 52756
cfn=(218)
calls=52756 0x3f40 0 
* 0 1642700
+5 0 52756
+3 0 52756
cfn=(220)
calls=52756 0x3f80 0 
* 0 7610722
+5 0 52756
+4 0 52756
+4 0 52756
+19 0 52756
+4 0 52756
+4 0 52756
+4 0 52756
cfn=(226)
calls=52756 0x40b0 0 
* 0 3888884
+5 0 52756
+4 0 52756
+3 0 52756
cfn=(228)
calls=52756 0x3e40 0 
* 0 2914292
+5 0 52756
+4 0 52756
+4 0 52756
+4 0 52756
+9 0 52756
+4 0 52756
+3 0 52756
+4 0 52756
-24 0 37
+4 0 37
+9 0 37
+4 0 37
+3 0 37
+4 0 37
+6 0 52793
+4 0 52793
+4 0 52793
+1 0 52793

fn=(272)
0x1200 0 1971
+1 0 1971
+3 0 1971
+4 0 1971
+4 0 1971
+4 0 1971
+2 0 1971
+3 0 1971
+4 0 1971
+5 0 1971
+6 0 1971
+4 0 1971
+4 0 1971
cob=(1)
cfi=(1)
cfn=(96)
calls=1971 0x87c70 0 
* 0 165718
* 0 1971
+5 0 1971
+5 0 29358
+3 0 29358
+2 0 29358
+3 0 29358
+3 0 29358
+3 0 29358
+6 0 27387
+4 0 27387
+4 0 27387
+7 0 27387
+3 0 27387
+5 0 27387
+6 0 25416
+4 0 25416
+4 0 25416
+7 0 25416
+3 0 25416
+4 0 25416
cob=(1)
cfi=(1)
cfn=(96)
calls=25416 0x87c70 0 
* 0 2403362
* 0 25416
+5 0 27387
+4 0 27387
+4 0 27387
+7 0 27387
+3 0 27387
+5 0 27387
+6 0 25416
+4 0 25416
+4 0 25416
+7 0 25416
+3 0 25416
+4 0 25416
cob=(1)
cfi=(1)
cfn=(96)
calls=25416 0x87c70 0 
* 0 2410760
* 0 25416
+5 0 27387
+4 0 27387
+4 0 27387
+7 0 27387
+3 0 27387
+5 0 27387
+6 0 25416
+4 0 25416
+4 0 25416
+7 0 25416
+3 0 25416
+4 0 25416
cob=(1)
cfi=(1)
cfn=(96)
calls=25416 0x87c70 0 
* 0 2374717
* 0 25416
+5 0 27387
+5 0 1971
+4 0 1971
+1 0 1971

fn=(300)
0x3eb0 0 50835
+1 0 50835
+3 0 50835
+4 0 50835
+4 0 50835
+8 0 50835
+8 0 50835
+4 0 50835
cfn=(218)
calls=50835 0x3f40 0 
* 0 17905161
+5 0 50835
+4 0 50835
+4 0 50835
+4 0 50835
+4 0 50835
+3 0 50835
cob=(1)
cfi=(1)
cfn=(6)
calls=50835 0x875d0 0 
* 0 7537397
* 0 50835
+5 0 50835
+4 0 50835
+4 0 50835
+19 0 50835
+4 0 50835
+4 0 50835
+4 0 50835
+4 0 50835
+4 0 50835
+4 0 50835
cfn=(302) ft_memcpy
calls=50835 0x4180 0 
* 0 29356416
+5 0 50835
+4 0 50835
+4 0 50835
+4 0 50835
+1 0 50835

fn=(254) ft_print_perm
0x29c0 0 25411
+1 0 25411
+3 0 25411
+4 0 25411
+4 0 25411
+9 0 25411
+4 0 25411
+4 0 25411
+3 0 25411
+5 0 25411
+5 0 25411
cfn=(224)
calls=25411 0x3af0 0 
* 0 3760828
+5 0 25411
+4 0 25411
+3 0 25411
+6 0 25411
+6 0 25411
+4 0 25411
+6 0 5835
+4 0 5835
+5 0 19576
+4 0 19576
+3 0 19576
+6 0 19576
+6 0 19576
+6 0 19560
+4 0 19560
+5 0 16
+4 0 16
+3 0 16
+6 0 16
+6 0 16
+15 0 16
+4 0 16
+3 0 16
+6 0 16
+6 0 16
+15 0 16
+4 0 16
+3 0 16
+6 0 16
+6 0 16
+6 0 16
+4 0 16
+78 0 16
+5 0 16
+5 0 16
+5 0 19576
+5 0 25411
+4 0 25411
+3 0 25411
+6 0 25411
+3 0 25411
+6 0 25396
+4 0 25396
+4 0 25396
+3 0 25396
+6 0 25396
+3 0 25396
-16 0 15
+4 0 15
+3 0 15
+6 0 15
+3 0 15
+6 0 21644
+4 0 21644
+4 0 21644
+3 0 21644
+3 0 21644
+3 0 21644
-13 0 3767
+4 0 3767
+3 0 3767
+3 0 3767
+3 0 3767
+6 0 13680
+4 0 13680
+4 0 13680
+3 0 13680
+3 0 13680
+3 0 13680
-13 0 11731
+4 0 11731
+3 0 11731
+3 0 11731
+3 0 11731
+6 0 25377
+4 0 25377
+4 0 25377
+3 0 25377
+3 0 25377
+3 0 25377
-13 0 34
+4 0 34
+3 0 34
+3 0 34
+3 0 34
+6 0 16
+4 0 16
+4 0 16
+3 0 16
+3 0 16
+3 0 16
-13 0 25395
+4 0 25395
+3 0 25395
+3 0 25395
+3 0 25395
+6 0 13680
+4 0 13680
+4 0 13680
+3 0 13680
+3 0 13680
+3 0 13680
-13 0 11731
+4 0 11731
+3 0 11731
+3 0 11731
+3 0 11731
+6 0 25377
+4 0 25377
+4 0 25377
+3 0 25377
+3 0 25377
+3 0 25377
-13 0 34
+4 0 34
+3 0 34
+3 0 34
+3 0 34
+6 0 16
+4 0 16
+4 0 16
+3 0 16
+3 0 16
+3 0 16
-13 0 25395
+4 0 25395
+3 0 25395
+3 0 25395
+3 0 25395
+6 0 13680
+4 0 13680
+4 0 13680
+4 0 13680
+7 0 13680
+2 0 13680
+2 0 13680
+4 0 13680
+2 0 13680
cfn=(112)
calls=13680 0x2640 0 
* 0 10191600
-25 0 11731
+4 0 11731
+4 0 11731
+7 0 11731
+2 0 11731
+2 0 11731
+4 0 11731
+2 0 11731
cfn=(112)
calls=11731 0x2640 0 
* 0 8739595
+5 0 25411
+9 0 25411
+4 0 25411
+3 0 25411
+3 0 25411
+6 0 25411
+4 0 25411
+1 0 25411

fn=(346) main
0x2589 0 1
+7 0 1
+6 0 1
+3 0 1
+6 0 1
+3 0 1
+5 0 1
cfn=(270)
calls=1 0x1883 0 
+74 0 1033684835
+75 0 1
+6 0 1
+5 0 1
+10 0 1
+6 0 1
+9 0 1
+4 0 1
+3 0 1
+6 0 1
+6 0 1
+6 0 1
+7 0 1
+1 0 1

fn=(368) 0x00000000000011a0
0x11a0 0 1
+4 0 1
+7 0 1
+2 0 1
+1 0 1
+8 0 1
+3 0 1
+2 0 1
+7 0 1
cob=(1)
cfi=(1)
cfn=(374)
calls=1 0x3d310 0 
* 0 75
+6 0 1
cfn=(380)
calls=1 0x1130 0 
* 0 5
+5 0 1
+7 0 1
+1 0 1

fn=(252)
0x2f60 0 1970
+1 0 1970
+3 0 1970
+7 0 1970
+4 0 1970
+4 0 1970
+4 0 1970
+2 0 1970
+5 0 1970
+3 0 1970
+6 0 1970
+4 0 1970
+2 0 1970
+6 0 1970
+3 0 1970
+6 0 1970
+4 0 1970
+2 0 1970
+6 0 1970
+3 0 1970
+6 0 1970
+4 0 1970
+2 0 1970
+6 0 1970
+3 0 1970
+6 0 1970
+7 0 1970
+2 0 1970
cfn=(112)
calls=1970 0x2640 0 
* 0 283680
+5 0 1970
+4 0 1970
+7 0 1970
+7 0 1970
+3 0 1970
+2 0 1970
cfn=(112)
calls=1970 0x2640 0 
* 0 6148324
+5 0 1970
+3 0 1970
+4 0 1970
+2 0 1970
+3 0 1970
+3 0 1970
+6 0 1970
+4 0 1970
+2 0 1970
+6 0 1970
+3 0 1970
+6 0 1970
+4 0 1970
+4 0 1970
+7 0 1970
+7 0 1970
+2 0 1970
cfn=(112)
calls=1970 0x2640 0 
* 0 1221323
+5 0 1970
+3 0 1970
+4 0 1970
+2 0 1970
+6 0 1970
+2 0 1970
+4 0 1970
+2 0 1970
+3 0 1970
+4 0 1970
+2 0 1970
+3 0 1970
+3 0 1970
+6 0 1970
+4 0 1970
+2 0 1970
+6 0 1970
+3 0 1970
+6 0 1970
+4 0 1970
+2 0 1970
+3 0 1970
+15 0 1970
+3 0 1970
+3 0 1970
+3 0 1970
+2 0 1970
+3 0 1970
+3 0 1970
+3 0 1970
-14 0 25412
+3 0 25412
+2 0 25412
+3 0 25412
+3 0 25412
+3 0 25412
+6 0 25411
+4 0 25411
+2 0 25411
+3 0 25411
+3 0 25411
+6 0 25411
+4 0 25411
+2 0 25411
+6 0 25411
+3 0 25411
+6 0 25411
+3 0 25411
+3 0 25411
+3 0 25411
+14 0 25411
+3 0 25411
+3 0 25411
+4 0 25411
+2 0 25411
+5 0 25411
+3 0 25411
+71 0 25411
+4 0 25411
+2 0 25411
+3 0 25411
+3 0 25411
+77 0 25411
+4 0 25411
+2 0 25411
+3 0 25411
+3 0 25411
+6 0 25411
+4 0 25411
+4 0 25411
+4 0 25411
+7 0 25411
+3 0 25411
+3 0 25411
+5 0 25411
+4 0 25411
+3 0 25411
+4 0 25411
+4 0 25411
+3 0 25411
+3 0 25411
* 0 584453
+3 0 25411
+4 0 25411
cfn=(110) ft_print_lst
calls=25411 0x2d80 0 
* 0 638528705
cfn=(110)
calls=1 0x2f49 0 
+4 0 9215
+5 0 25412
+3 0 25412
+5 0 25412
+5 0 1971
+5 0 1971
+7 0 1971
+1 0 1971

fn=(302)
0x4180 0 50835
+1 0 50835
+3 0 50835
+4 0 50835
+4 0 50835
+4 0 50835
+4 0 50835
+4 0 50835
+4 0 50835
+4 0 50835
+5 0 50835
+41 0 50835
+5 0 2219082
+4 0 2219082
+3 0 2219082
+4 0 2219082
+4 0 2219082
+4 0 2219082
+6 0 2168247
+4 0 2168247
+4 0 2168247
+3 0 2168247
+4 0 2168247
+4 0 2168247
+3 0 2168247
+5 0 50835
+4 0 50835
+4 0 50835
+4 0 50835
+1 0 50835

fn=(110)
0x2d80 0 25411
+1 0 25411
+3 0 25411
+7 0 25411
+4 0 25411
+4 0 25411
+3 0 25411
+4 0 25411
+4 0 25411
cfn=(254)
calls=25411 0x29c0 0 
* 0 24981513
+5 0 25411
+4 0 25411
+4 0 25411
+2 0 25411
+2 0 25411
cfn=(216)
calls=25411 0x3970 0 
* 0 7495670
+5 0 25411
+4 0 25411
+7 0 25411
+3 0 25411
+2 0 25411
cfn=(112)
calls=25411 0x2640 0 
* 0 6279793
+5 0 25411
+4 0 25411
+3 0 25411
cob=(1)
cfi=(1)
cfn=(96)
calls=25411 0x87c70 0 
* 0 2142250
* 0 25411
+5 0 25411
+4 0 25411
+3 0 25411
cob=(1)
cfi=(1)
cfn=(108) getpwuid
calls=25411 0xc7de0 0 
* 0 218385182
* 0 25411
cob=(1)
cfi=(1)
cfn=(108)
calls=1 0xc7f04 0 
+4 0 1675
+5 0 25412
+4 0 25412
+5 0 25412
+6 0 25412
+4 0 25412
+3 0 25412
+7 0 25412
+2 0 25412
cfn=(112)
calls=25412 0x2640 0 
* 0 10629228
+5 0 25412
+3 0 25412
+50 0 25412
+4 0 25412
+3 0 25412
cob=(1)
cfi=(1)
cfn=(126) getgrgid
calls=25412 0xc5b80 0 
* 0 269853208
* 0 25412
+5 0 25412
+4 0 25412
+4 0 25412
+2 0 25412
+3 0 25412
+3 0 25412
+6 0 25412
+5 0 25412
+6 0 25412
+4 0 25412
+3 0 25412
+7 0 25412
+2 0 25412
cfn=(112)
calls=25412 0x2640 0 
* 0 10629228
+5 0 25412
+3 0 25412
+50 0 25412
+5 0 25412
+4 0 25412
+4 0 25412
+2 0 25412
+2 0 25412
cfn=(216)
calls=25412 0x3970 0 
* 0 12867549
+5 0 25412
+4 0 25412
+7 0 25412
+3 0 25412
+2 0 25412
cfn=(112)
calls=25412 0x2640 0 
* 0 9372209
+5 0 25412
+4 0 25412
+3 0 25412
cob=(1)
cfi=(1)
cfn=(96)
calls=25412 0x87c70 0 
* 0 2138878
* 0 25412
+5 0 25412
+4 0 25412
+4 0 25412
+4 0 25412
+3 0 25412
+6 0 25412
+4 0 25412
+3 0 25412
+4 0 25412
+3 0 25412
+4 0 25412
* 0 457416
+3 0 25412
+4 0 25412
cfn=(232) ft_print_time
calls=25412 0x2950 0 
* 0 31460056
+5 0 25412
+4 0 25412
+3 0 25412
+5 0 25412
+4 0 25412
+3 0 25412
+4 0 25412
+4 0 25412
+3 0 25412
+4 0 25412
* 0 584476
+3 0 25412
+4 0 25412
cfn=(238)
calls=25412 0x2c20 0 
* 0 28667592
+5 0 25412
+5 0 25412
+3 0 25412
+2 0 25412
+7 0 25412
+1 0 25412

fn=(232)
0x2950 0 25412
+1 0 25412
+3 0 25412
+4 0 25412
+4 0 25412
+4 0 25412
+4 0 25412
+2 0 25412
+3 0 25412
+3 0 25412
+4 0 25412
+6 0 25412
+4 0 25412
+2 0 25412
+3 0 25412
+3 0 25412
+24 0 25412
+4 0 25412
+4 0 25412
cfn=(234)
calls=25412 0x2920 0 
* 0 30875580
+5 0 25412
+5 0 25412
+4 0 25412
+1 0 25412

ob=(1)
fl=(1)
fn=(20) _IO_file_read
0x7ef40 0 50824
+4 0 50824
+4 0 50824
+4 0 50824
+3 0 50824
+17 0 50824
cfn=(22) __read_nocancel
calls=50824 0xf2600 0 
* 0 304944

fn=(22)
0xf2600 0 50824
+4 0 50824
+2 0 50824
+2 0 50824
+6 0 50824
+2 0 50824

fn=(92) __close_nocancel
0xf2330 0 55277
+4 0 55277
+5 0 55277
+2 0 55277
+6 0 55277
+2 0 55277

fn=(348) (below main)
cob=(2)
cfi=(4)
cfn=(346)
calls=1 0x2629 0 
0x26ee2 0 1033684855
0x26ee3 0 1
+2 0 1
cfn=(350) exit
calls=1 0x3cf90 0 
* 0 1534

fn=(352) __run_exit_handlers
0x3cd30 0 1
+4 0 1
+2 0 1
+2 0 1
+2 0 1
+2 0 1
+3 0 1
+1 0 1
+2 0 1
+1 0 1
+4 0 1
+4 0 1
+2 0 1
+6 0 1
+7 0 1
+5 0 1
+1 0 1
+2 0 1
+2 0 1
+7 0 1
-11 0 1
+2 0 1
+2 0 1
+7 0 1
+11 0 2
+4 0 2
+24 0 2
+4 0 2
+3 0 2
+2 0 1
+15 0 1
+2 0 1
+2 0 1
+7 0 1
+11 0 1
+4 0 1
+24 0 1
+7 0 1
+6 0 2
+4 0 2
+3 0 2
+6 0 1
+4 0 1
+7 0 1
+4 0 1
+7 0 1
+10 0 1
+3 0 1
+24 0 1
+3 0 1
+4 0 1
+3 0 1
+4 0 1
+4 0 1
+2 0 1
+4 0 1
+6 0 1
+4 0 1
+4 0 1
+8 0 1
+2 0 1
+4 0 1
+9 0 1
cob=(5) /usr/lib/ld-2.29.so
cfi=(5) ???
cfn=(356) _dl_fini
calls=1 0x10960 0 
* 0 1196
+2 0 1
+77 0 1
+7 0 1
+7 0 1
+10 0 1
+3 0 1
+24 0 1
+5 0 1
+2 0 1
+7 0 1
+7 0 1
+3 0 1
+2 0 1
+7 0 1
+3 0 1
+4 0 1
+5 0 1
+3 0 1
cfn=(420) _IO_cleanup
calls=1 0x818a0 0 
* 0 209
+2 0 1
+4 0 1
+3 0 1
+2 0 1
+2 0 1
cfn=(424) _Exit
calls=1 0xc9600 0 
* 0 6
+11 0 1
+3 0 1
+4 0 1
+3 0 1
+10 0 1
+7 0 1
+10 0 1
+3 0 1
+24 0 1
+5 0 1
cfn=(354) __call_tls_dtors
calls=1 0x3d630 0 
* 0 12
+5 0 1

fn=(64) strtoul
0x3ee40 0 848817
+4 0 848817
+7 0 848817
+2 0 848817
+4 0 848817
cfn=(66) ____strtoul_l_internal
calls=848817 0x3f380 0 
* 0 117846993

fn=(102) _IO_default_finish
0x813d0 0 50824
+4 0 50824
+1 0 50824
+3 0 50824
+4 0 50824
+3 0 50824
+8 0 50824
+4 0 50824
+3 0 50824
+18 0 50824
+4 0 50824
+3 0 50824
+15 0 50824
+4 0 50824
+14 0 50824
+1 0 50824

fn=(294)
0xc47f0 0 3945
+4 0 3945
+3 0 3945
+2 0 3945
+1 0 3945
+2 0 3945
cob=(4)
cfi=(2)
cfn=(94)
calls=3945 0x4893330 0 
* 0 590757
+5 0 3945
+2 0 3945
+1 0 3945
cfn=(92)
calls=3945 0xf2330 0 
* 0 23670

fn=(66)
0x3f380 0 848817
+4 0 848817
+2 0 848817
+2 0 848817
+3 0 848817
+2 0 848817
+3 0 848817
+2 0 848817
+3 0 848817
+1 0 848817
+1 0 848817
+4 0 848817
+5 0 848817
+2 0 848817
+6 0 848817
+3 0 848817
+6 0 848817
+3 0 848817
+6 0 848817
+5 0 848817
+4 0 848817
+3 0 848817
+3 0 848817
+5 0 848817
+21 0 848817
+2 0 848817
+6 0 848817
+2 0 848817
+6 0 848817
+2 0 848817
+8 0 848817
+3 0 848817
+3 0 848817
+3 0 848817
+3 0 848817
+4 0 848817
+6 0 772581
+2 0 772581
+6 0 772581
+3 0 772581
+6 0 772581
+5 0 772581
+5 0 772581
+2 0 772581
+2 0 772581
+7 0 772581
+4 0 772581
+7 0 772581
+4 0 772581
+4 0 772581
+3 0 772581
+6 0 772581
+3 0 772581
+6 0 848817
+7 0 848817
+4 0 848817
+7 0 848817
+3 0 848817
+2 0 848817
+5 0 848817
+3 0 848817
+3 0 848817
+8 0 2120499
+8 0 2120499
+4 0 2120499
+3 0 2120499
+3 0 2120499
+3 0 2120499
+4 0 2120499
+4 0 2120499
+3 0 2120499
+2 0 2120499
+3 0 2120499
+2 0 2969316
+3 0 2969316
+3 0 2969316
+2 0 848817
+3 0 848817
+6 0 848817
+6 0 848817
+9 0 2120499
+3 0 2120499
+2 0 2120499
+2 0 2120499
+3 0 2120499
+31 0 848817
+3 0 848817
+6 0 848817
+5 0 848817
+3 0 848817
+2 0 848817
+3 0 848817
+3 0 848817
+6 0 848817
+4 0 848817
+3 0 848817
+3 0 848817
+2 0 848817
+4 0 848817
+4 0 848817
+1 0 848817
+1 0 848817
+2 0 848817
+2 0 848817
+2 0 848817
+2 0 848817
+43 0 772581
+3 0 772581
0x3f5ea 0 76236
+6 0 76236
+6 0 76236
+3 0 76236
0x3f72a 0 76236
+3 0 76236
+2 0 76236
+7 0 76236
+7 0 76236
+2 0 76236
+5 0 76236
+4 0 76236

fn=(80)
0x72800 0 50824
+4 0 50824
+2 0 50824
+1 0 50824
+3 0 50824
+1 0 50824
+2 0 50824
+3 0 50824
+29 0 50824
+2 0 50824
+2 0 50824
+7 0 50824
+4 0 50824
+6 0 50824
+7 0 50824
+7 0 50824
+7 0 50824
+3 0 50824
+3 0 50824
+3 0 50824
+3 0 50824
+6 0 50824
+2 0 50824
+3 0 50824
cfn=(100) _IO_file_finish@@GLIBC_2.2.5
calls=50824 0x7f380 0 
* 0 1473896
+3 0 50824
+6 0 50824
+2 0 50824
+6 0 50824
+5 0 50824
+10 0 50824
+7 0 50824
+2 0 50824
+7 0 50824
+2 0 50824
+7 0 50824
+2 0 50824
+3 0 50824
cob=(4)
cfi=(2)
cfn=(94)
calls=50824 0x4893330 0 
* 0 4320040
+5 0 50824
+3 0 50824
+1 0 50824
+1 0 50824
+2 0 50824
+8 0 50824
cfn=(82) _IO_un_link
calls=50824 0x80370 0 
* 0 4574160
+5 0 50824
+3 0 50824
+3 0 50824
+2 0 50824
+7 0 50824
+9 0 50824
+4 0 50824
+2 0 50824
+5 0 50824
+2 0 50824
+7 0 50824
+10 0 50824
+3 0 50824
+24 0 50824
+7 0 50824
+3 0 50824
+4 0 50824
+4 0 50824
+2 0 50824
+6 0 50824
+3 0 50824
+6 0 50824
+3 0 50824
cfn=(86) _IO_file_close_it@@GLIBC_2.2.5
calls=50824 0x7f1e0 0 
* 0 13162940
+5 0 50824
+3 0 50824
+3 0 50824
+6 0 50824
+11 0 50824
+8 0 50824
+7 0 50824
+9 0 50824
+2 0 50824
+24 0 50824

fn=(82)
0x80370 0 101648
+4 0 101648
+3 0 101648
+2 0 50824
cfn=(84) __GI__IO_un_link.part.0
calls=50824 0x80090 0 
* 0 4370864
+7 0 50824

fn=(84)
0x80090 0 50824
+1 0 50824
+1 0 50824
+3 0 50824
+4 0 50824
+6 0 50824
+9 0 50824
+5 0 50824
+2 0 50824
+2 0 50824
+40 0 50824
+9 0 50824
+7 0 50824
+2 0 50824
+5 0 50824
+2 0 50824
+7 0 50824
+14 0 50824
+7 0 50824
+28 0 50824
+7 0 50824
+6 0 50824
+2 0 50824
+7 0 50824
+3 0 50824
+2 0 50824
+6 0 50824
+5 0 50824
+6 0 50824
+7 0 50824
+9 0 50824
+4 0 50824
+6 0 50824
+5 0 50824
+7 0 50824
+11 0 50824
+4 0 50824
+24 0 50824
+2 0 50824
+7 0 50824
+7 0 50824
+2 0 50824
+5 0 50824
+4 0 50824
+5 0 50824
+3 0 50824
+2 0 50824
+4 0 50824
+3 0 50824
+6 0 50824
+7 0 50824
+4 0 50824
+2 0 50824
+2 0 50824
+2 0 50824
+7 0 50824
+5 0 50824
+6 0 50824
+2 0 50824
+8 0 50824
+7 0 50824
+10 0 50824
+3 0 50824
+24 0 50824
+6 0 50824
+11 0 50824
+3 0 50824
+6 0 50824
+2 0 50824
+11 0 50824
+7 0 50824
+13 0 50824
+6 0 50824
+28 0 50824
+2 0 50824
+29 0 50824
+5 0 50824
+9 0 50824
+6 0 50824
+4 0 50824
+1 0 50824
+1 0 50824
+4 0 50824
+9 0 50824
+7 0 50824
+4 0 50824

fn=(296) systrim.isra.0.constprop.0
0x84600 0 1711
+2 0 1711
+2 0 1711
+1 0 1711
+1 0 1711
+4 0 1711
+7 0 1711
+4 0 1711
+4 0 1711
+4 0 1711
+3 0 1711
+2 0 1708
+7 0 1708
+3 0 1708
+4 0 1708
+3 0 1708
+3 0 1708
+3 0 1708
+2 0 41
+7 0 41
+2 0 41
cfn=(340) __default_morecore
calls=41 0x89130 0 
* 0 1107
+4 0 41
+3 0 41
+7 0 41
+3 0 41
+3 0 41
+2 0 1670
+2 0 1670
+4 0 1670
+1 0 1670
+1 0 1670
+2 0 1670
+2 0 1670
-10 0 41
+4 0 41
+1 0 41
+1 0 41
+2 0 41
+2 0 41
+10 0 41
+3 0 41
+3 0 41
cfn=(340)
calls=41 0x89130 0 
* 0 2009
+4 0 41
+7 0 41
+3 0 41
+3 0 41
+2 0 41
+2 0 41
cfn=(340)
calls=41 0x89130 0 
* 0 1107
+4 0 41
+3 0 41
+2 0 41
+3 0 41
+2 0 41
+7 0 41
+3 0 41
+7 0 41
+4 0 41
+4 0 41
+5 0 41

fn=(326) __nscd_open_socket
0x133790 0 508
+4 0 508
+2 0 508
+2 0 508
+2 0 508
+1 0 508
+1 0 508
+7 0 508
+6 0 508
+3 0 508
+7 0 508
+2 0 508
+3 0 508
+3 0 508
+3 0 508
+3 0 508
+5 0 508
cfn=(328) open_socket
calls=508 0x132c50 0 
* 0 42672
+5 0 508
+3 0 508
+2 0 508
+77 0 508
+6 0 508
+5 0 508
+1 0 508
+3 0 508
+1 0 508
+2 0 508
+2 0 508
+2 0 508

fn=(334) __nscd_getgrgid_r
0x130770 0 254
+4 0 254
+2 0 254
+2 0 254
+3 0 254
+2 0 254
+3 0 254
+1 0 254
+3 0 254
+2 0 254
+1 0 254
+3 0 254
+5 0 254
+4 0 254
+9 0 254
+5 0 254
+2 0 254
+5 0 254
+5 0 254
cfn=(320) _itoa_word
calls=254 0x4fb00 0 
* 0 9544
+5 0 254
+5 0 254
+3 0 254
+3 0 254
+4 0 254
+3 0 254
+5 0 254
+3 0 254
+2 0 254
+3 0 254
cfn=(336) nscd_getgr_r
calls=254 0x1300a0 0 
* 0 51054
+5 0 254
+1 0 254
+1 0 254
+5 0 254
+9 0 254
+2 0 254
+4 0 254
+1 0 254
+1 0 254
+2 0 254
+2 0 254

fn=(338) sysmalloc
0x850a0 0 10
+2 0 10
+2 0 10
+2 0 10
+2 0 10
+1 0 10
+3 0 10
+1 0 10
+4 0 10
+7 0 10
+4 0 10
+3 0 10
+6 0 10
+7 0 10
+3 0 10
+6 0 10
+3 0 10
+3 0 10
+5 0 10
+4 0 10
+3 0 10
+3 0 10
+5 0 10
+4 0 10
+4 0 10
+3 0 10
+4 0 10
+5 0 10
+3 0 10
+7 0 10
+4 0 10
+6 0 10
+2 0 10
+6 0 10
+5 0 10
+3 0 10
+6 0 10
+4 0 10
+5 0 10
+3 0 10
+6 0 10
+7 0 10
+3 0 10
0x851bc 0 10
+7 0 10
+2 0 2
+7 0 2
+4 0 2
+4 0 2
+5 0 2
-13 0 8
+4 0 8
+4 0 8
+5 0 8
+6 0 10
+3 0 10
+7 0 10
+4 0 10
+3 0 10
+4 0 10
+3 0 10
+4 0 10
+4 0 10
+4 0 10
+4 0 10
+4 0 10
+4 0 10
+4 0 10
0x8531b 0 10
+4 0 10
+3 0 10
+1 0 10
+1 0 10
+2 0 10
+2 0 10
+2 0 10
+2 0 10
0x854d0 0 10
+7 0 10
+5 0 10
+5 0 10
+3 0 10
+3 0 10
+4 0 10
+6 0 10
+3 0 10
+3 0 10
+6 0 10
+7 0 10
+5 0 10
+3 0 10
+5 0 10
cfn=(340)
calls=10 0x89130 0 
* 0 480
+2 0 10
+5 0 10
+5 0 10
+3 0 10
+3 0 10
+6 0 10
+7 0 10
+3 0 10
+3 0 10
+6 0 10
+7 0 10
+7 0 10
+5 0 10
+3 0 10
+3 0 10
+6 0 10
+2 0 10
+7 0 10
+3 0 10
+6 0 10
+3 0 10
+6 0 10
+3 0 10
+7 0 10
+4 0 10
+4 0 10

fn=(354)
0x3d630 0 1
+4 0 1
+1 0 1
+1 0 1
+4 0 1
+7 0 1
+4 0 1
+3 0 1
+69 0 1
+4 0 1
+1 0 1
+1 0 1

fn=(422) _IO_flush_all_lockp
0x81590 0 1
+4 0 1
+2 0 1
+3 0 1
+2 0 1
+2 0 1
+2 0 1
+1 0 1
+1 0 1
+4 0 1
+9 0 1
+5 0 1
+2 0 1
+6 0 1
+4 0 1
+2 0 1
+42 0 1
+9 0 1
+7 0 1
+2 0 1
+5 0 1
+2 0 1
+7 0 1
+14 0 1
+7 0 1
+28 0 1
+7 0 1
+6 0 1
+7 0 1
+3 0 1
+3 0 1
+6 0 1
+3 0 1
+6 0 1
+7 0 1
+7 0 1
+3 0 1
+9 0 1
+71 0 3
+3 0 3
+79 0 3
+11 0 3
+4 0 3
+3 0 3
+6 0 3
+7 0 3
+3 0 3
+88 0 3
+6 0 3
+2 0 3
+6 0 3
+4 0 3
+4 0 3
+6 0 3
+10 0 1
+6 0 1
+3 0 1
+6 0 1
+2 0 1
+2 0 1
+11 0 1
+7 0 1
+13 0 1
+6 0 1
+28 0 1
+4 0 1
+2 0 1
+31 0 1
+5 0 1
+9 0 1
+2 0 1
+4 0 1
+3 0 1
+1 0 1
+1 0 1
+2 0 1
+2 0 1
+2 0 1
+2 0 1
+6 0 1
+9 0 1
+7 0 1
+5 0 1

fn=(90) _IO_file_close
0x7dbe0 0 50824
+4 0 50824
+3 0 50824
cfn=(92)
calls=50824 0xf2330 0 
* 0 304944

fn=(130) _dl_mcount_wrapper_check
0x136860 0 50823
+4 0 50823
+7 0 50823
+3 0 50823
+8 0 50823
+26 0 50823

fn=(202)
0xc6d60 0 415121
+4 0 415121
+2 0 415121
+3 0 415121
+2 0 415121
+2 0 415121
+4 0 415121
+2 0 415121
+3 0 415121
+1 0 415121
+3 0 415121
+1 0 415121
+3 0 415121
+4 0 415121
+9 0 415121
+5 0 415121
+2 0 415121
+3 0 415121
+2 0 415121
+3 0 415121
+9 0 415121
+5 0 415121
+3 0 415121
cob=(4)
cfi=(2)
cfn=(60)
calls=415121 0x4893470 0 
* 0 12389132
+5 0 415121
+3 0 415121
+2 0 415121
+3 0 415121
+4 0 415121
+3 0 415121
+2 0 415121
+6 0 415121
+2 0 415121
+7 0 2549294
+2 0 2549294
+6 0 2549294
+4 0 2549294
+4 0 2549294
+2 0 2549294
+2 0 415121
+3 0 415121
+42 0 415121
+3 0 415121
+6 0 415121
+4 0 415121
+4 0 415121
+4 0 415121
+3 0 415121
+3 0 415121
+6 0 415121
+6 0 415121
+3 0 415121
+2 0 415121
-5 0 100619
+3 0 100619
+2 0 100619
+6 0 100619
+7 0 100619
+4 0 100619
+4 0 100619
+5 0 100619
+45 0 100619
+3 0 100619
+9 0 486456
+2 0 486456
+2 0 573401
+3 0 573401
+4 0 573401
+4 0 573401
+2 0 573401
+2 0 100619
+3 0 100619
+2 0 100619
+3 0 100619
+4 0 100619
+4 0 100619
+3 0 100619
+2 0 100619
+2 0 13674
+3 0 13674
+4 0 13674
+4 0 13674
+3 0 13674
-7 0 86945
+4 0 86945
+3 0 86945
+20 0 415121
+5 0 415121
+3 0 415121
+2 0 415121
+10 0 415121
+4 0 415121
+4 0 415121
+2 0 415121
+2 0 830242
+2 0 830242
+2 0 415121
+2 0 415121
+2 0 415121
+3 0 415121
+4 0 415121
+4 0 415121
+3 0 415121
+3 0 415121
+2 0 415121
+13 0 415121
+5 0 415121
+9 0 415121
+6 0 415121
+4 0 415121
+1 0 415121
+1 0 415121
+2 0 415121
+2 0 415121
+2 0 415121
+2 0 415121
+1 0 415121
+2 0 415121
+6 0 415121
+3 0 415121
+4 0 415121
+5 0 415121
cob=(4)
cfi=(2)
cfn=(204)
calls=415121 0x4893460 0 
* 0 9597578
+5 0 415121
+5 0 415121
0xc6fcf 0 100619
+2 0 100619
+22 0 415121
+7 0 415121
+5 0 415121
+5 0 415121
+5 0 415121
+5 0 415121
+3 0 415121
+3 0 415121
cfn=(64)
calls=415121 0x3ee40 0 
* 0 59797325
+5 0 415121
+5 0 415121
+3 0 415121
+4 0 415121
+5 0 415121
+4 0 415121
+3 0 415121
+6 0 415121
+3 0 415121
+3 0 415121
+10 0 415121
+3 0 415121
+14 0 415121
+4 0 415121

fn=(104) getpwuid_r@@GLIBC_2.2.5
0xc8600 0 25411
+4 0 25411
+2 0 25411
+2 0 25411
+3 0 25411
+2 0 25411
+3 0 25411
+2 0 25411
+3 0 25411
+1 0 25411
+3 0 25411
+1 0 25411
+4 0 25411
+5 0 25411
+9 0 25411
+5 0 25411
+2 0 25411
+6 0 25411
+2 0 25411
+6 0 25411
+3 0 25411
+3 0 25411
+6 0 25157
+6 0 25157
+7 0 25157
-7 0 254
+7 0 254
+6 0 25411
+7 0 25411
+4 0 25411
+9 0 25411
+5 0 25411
+7 0 25411
+4 0 25411
+9 0 25411
+4 0 25411
+5 0 25411
+3 0 25411
+3 0 25411
+4 0 25411
+4 0 25411
+2 0 25411
+6 0 25411
+7 0 25411
+9 0 25411
+8 0 25411
+9 0 25411
+4 0 25411
+3 0 25411
+12 0 25412
+4 0 25412
+2 0 25412
+42 0 25412
+3 0 25412
+2 0 25412
+5 0 25412
+3 0 25412
+5 0 25412
+7 0 25412
cfn=(106) __nss_next2
calls=25412 0x11eb70 0 
* 0 711536
+5 0 25412
+2 0 25412
+6 0 25411
+5 0 25411
cfn=(130)
calls=25411 0x136860 0 
* 0 152466
+5 0 25411
+3 0 25411
+3 0 25411
+3 0 25411
+3 0 25411
+3 0 25411
cob=(3)
cfi=(3)
cfn=(76)
calls=25411 0x6d20 0 
* 0 213487096
cob=(3)
cfi=(3)
cfn=(76)
calls=1 0x6d79 0 
+3 0 1574
+4 0 25412
+2 0 25412
+3 0 25412
+72 0 254
+10 0 254
+7 0 254
+6 0 254
+5 0 254
+3 0 254
+3 0 254
+3 0 254
+3 0 254
cfn=(318) __nscd_getpwuid_r
calls=254 0x130010 0 
* 0 67202
+5 0 254
+4 0 254
+2 0 254
+13 0 25412
+5 0 25412
+9 0 25412
+6 0 25412
+4 0 25412
+4 0 25412
+1 0 25412
+1 0 25412
+2 0 25412
+2 0 25412
+2 0 25412
+2 0 25412
+10 0 25412
+5 0 25412
+3 0 25412
+2 0 25412
+5 0 25412
+57 0 25412
+5 0 25412
cob=(4)
cfi=(2)
cfn=(94)
calls=25412 0x4893330 0 
* 0 304944
+5 0 25412
+5 0 25412
+3 0 25412
0xc8968 0 25412
+3 0 25412
+4 0 25412
+4 0 25412
+3 0 25412

fn=(108)
0xc7de0 0 25411
+4 0 25411
+2 0 25411
+5 0 25411
+2 0 25411
+2 0 25411
+1 0 25411
+1 0 25411
+2 0 25411
+4 0 25411
+9 0 25411
+5 0 25411
+2 0 25411
+7 0 25411
+14 0 25411
+7 0 25411
+28 0 25411
+7 0 25411
+7 0 25411
+3 0 25411
+6 0 25411
+3 0 25411
+7 0 25411
+59 0 25411
+3 0 25411
+3 0 25411
+3 0 25411
+2 0 25411
cfn=(104)
calls=25411 0xc8600 0 
* 0 217190865
cfn=(104)
calls=1 0xc87f4 0 
+4 0 1656
+5 0 25412
+3 0 25412
+2 0 25412
+8 0 25412
+2 0 25412
+7 0 25412
+13 0 25412
+6 0 25412
+28 0 25412
+5 0 25412
+9 0 25412
+4 0 25412
+2 0 25412
+4 0 25412
+1 0 25412
+1 0 25412
+2 0 25412
+2 0 25412
+2 0 25412

fn=(142) __fopen_internal
0x73140 0 50823
+4 0 50823
+2 0 50823
+3 0 50823
+2 0 50823
+2 0 50823
+3 0 50823
+1 0 50823
+3 0 50823
+5 0 50823
+1 0 50823
cob=(4)
cfi=(2)
cfn=(4)
calls=50823 0x4893310 0 
* 0 2541150
+5 0 50823
+3 0 50823
+6 0 50823
+3 0 50823
+7 0 50823
+2 0 50823
+2 0 50823
+7 0 50823
+7 0 50823
+3 0 50823
+3 0 50823
+7 0 50823
cfn=(144) _IO_no_init
calls=50823 0x812b0 0 
* 0 3151026
+5 0 50823
+7 0 50823
+3 0 50823
+7 0 50823
cfn=(148) _IO_new_file_init_internal
calls=50823 0x7f160 0 
* 0 4624893
+5 0 50823
+3 0 50823
+3 0 50823
+3 0 50823
+3 0 50823
cfn=(152) _IO_file_fopen@@GLIBC_2.2.5
calls=50823 0x7f510 0 
* 0 11587644
+5 0 50823
+3 0 50823
+2 0 50823
+4 0 50823
+54 0 50823
+1 0 50823
+3 0 50823
+1 0 50823
+2 0 50823
+2 0 50823
+2 0 50823

fn=(154) _IO_file_open
0x7f420 0 50823
+4 0 50823
+2 0 50823
+2 0 50823
+1 0 50823
+3 0 50823
+1 0 50823
+3 0 50823
+3 0 50823
+2 0 50823
+2 0 50823
+4 0 50823
+14 0 50823
+3 0 50823
+6 0 50823
+2 0 50823
+2 0 50823
+6 0 50823
+4 0 50823
+5 0 50823
+6 0 50823
+2 0 50823
+2 0 50823
+6 0 50823
+59 0 50823
+3 0 50823
cfn=(150) _IO_link_in
calls=50823 0x80390 0 
* 0 863991
+5 0 50823
+3 0 50823
+1 0 50823
+1 0 50823
+2 0 50823
+49 0 50823
cfn=(156) __open_nocancel
calls=50823 0xf2480 0 
* 0 1372221
+5 0 50823
+3 0 50823

fn=(156)
0xf2480 0 54764
+4 0 54764
+4 0 54764
+3 0 54764
+3 0 54764
+3 0 54764
+5 0 54764
+9 0 54764
+5 0 54764
+2 0 54764
+4 0 54764
+2 0 54764
+2 0 54764
+5 0 54764
+5 0 54764
+2 0 54764
+3 0 54764
+3 0 54764
+5 0 54764
+5 0 54764
+2 0 54764
+6 0 54764
+2 0 54764
+5 0 54764
+9 0 54764
+2 0 54764
+4 0 54764

fn=(158) __GI_strstr
0x8bf90 0 50823
+4 0 50823
+2 0 50823
+3 0 50823
+2 0 50823
+2 0 50823
+2 0 50823
+3 0 50823
+1 0 50823
+1 0 50823
+4 0 50823
+3 0 50823
+9 0 50823
+5 0 50823
+2 0 50823
+3 0 50823
+2 0 50823
cob=(4)
cfi=(2)
cfn=(60)
calls=50823 0x4893470 0 
* 0 1219752
+5 0 50823
+3 0 50823
+3 0 50823
0x8c030 0 50823
+5 0 50823
+9 0 50823
+6 0 50823
+4 0 50823
+3 0 50823
+1 0 50823
+1 0 50823
+2 0 50823
+2 0 50823
+2 0 50823
+2 0 50823

fn=(280) __alloc_dir
0xc45b0 0 3941
+4 0 3941
+2 0 3941
+3 0 3941
+2 0 3941
+3 0 3941
+1 0 3941
+2 0 3941
+1 0 3941
+4 0 3941
+3 0 3941
+6 0 3941
+5 0 3941
+5 0 3941
+3 0 3941
+2 0 3941
+9 0 3941
+5 0 3941
+6 0 3941
+5 0 3941
+7 0 3941
+4 0 3941
+4 0 3941
cob=(4)
cfi=(2)
cfn=(4)
calls=3941 0x4893310 0 
* 0 4644202
+5 0 3941
+3 0 3941
+3 0 3941
+2 0 3941
+4 0 3941
+9 0 3941
+5 0 3941
+9 0 3941
+9 0 3941
+9 0 3941
+9 0 3941
+4 0 3941
+3 0 3941
+1 0 3941
+1 0 3941
+2 0 3941
+2 0 3941

fn=(344) brk
0xf30f0 0 51
+4 0 51
+5 0 51
+2 0 51
+6 0 51
+2 0 51
+7 0 51
+3 0 51
+3 0 51
+2 0 51
+2 0 51

fn=(18) _IO_switch_to_get_mode
0x80860 0 50824
+4 0 50824
+1 0 50824
+1 0 50824
+3 0 50824
+4 0 50824
+4 0 50824
+4 0 50824
+57 0 50824
+2 0 50824
+3 0 50824
+2 0 50824
+4 0 50824
+4 0 50824
+4 0 50824
+6 0 50824
+3 0 50824
+4 0 50824
+2 0 50824
+4 0 50824
+4 0 50824
+2 0 50824
+4 0 50824
+1 0 50824
+1 0 50824

fn=(32)
0x161c50 0 1561122
+4 0 1561122
+3 0 1561122
+4 0 1561122
+2 0 1100078
+4 0 1100078
+6 0 123066
+4 0 123066
+6 0 123066
+4 0 123066
+6 0 123066
+3 0 123066
+40 0 461044
+3 0 461044
+2 0 298892
+3 0 298892
+20 0 162152
+4 0 162152
+6 0 162152
+4 0 162152
+6 0 162152
+1 0 298892
+5 0 298892
+3 0 298892
+5 0 298892
+3 0 298892
+31 0 977012
+7 0 977012
+6 0 977012
+7 0 977012
+6 0 977012
+7 0 977012
+2 0 929153
+4 0 929153
+5 0 929153
+5 0 929153
+5 0 929153
+6 0 929153
+6 0 929153
+6 0 929153
+6 0 929153
+4 0 929153
+5 0 929153
+5 0 929153
+5 0 929153
+6 0 929153
+6 0 929153
+6 0 929153
+6 0 929153
+3 0 929153
+1 0 47859
+4 0 47859
+5 0 47859
+6 0 47859
+6 0 47859
+4 0 47859
+5 0 47859
+6 0 47859
+6 0 47859
+3 0 47859

fn=(58)
0xc8a00 0 216848
+4 0 216848
+2 0 216848
+2 0 216848
+1 0 216848
+3 0 216848
+5 0 216848
+1 0 216848
+3 0 216848
+4 0 216848
+9 0 216848
+5 0 216848
+2 0 216848
cob=(4)
cfi=(2)
cfn=(60)
calls=216848 0x4893470 0 
* 0 7419540
+5 0 216848
+3 0 216848
+2 0 216848
+3 0 216848
+4 0 216848
+3 0 216848
+2 0 216848
+9 0 1557929
+4 0 1557929
+4 0 1557929
+2 0 1557929
+2 0 1774777
+2 0 1774777
+2 0 216848
+2 0 216848
+2 0 216848
+3 0 216848
+4 0 216848
+3 0 216848
+16 0 216848
+4 0 216848
+3 0 216848
+2 0 216848
+2 0 216848
+2 0 216848
+2 0 216848
+3 0 216848
+4 0 216848
+4 0 216848
+2 0 216848
+2 0 216848
+2 0 216848
+2 0 216848
+2 0 216848
+2 0 216848
+3 0 216848
+4 0 216848
+4 0 216848
+3 0 216848
+3 0 216848
+2 0 216848
+13 0 216848
+5 0 216848
+9 0 216848
+6 0 216848
+4 0 216848
+1 0 216848
+1 0 216848
+2 0 216848
+2 0 216848
0xc8ba3 0 216848
+4 0 216848
+3 0 216848
+2 0 216848
+4 0 2741637
+4 0 2741637
+4 0 2741637
+2 0 2741637
+2 0 2958485
+3 0 2958485
+2 0 216848
+2 0 216848
+2 0 216848
+3 0 216848
+4 0 216848
+4 0 216848
+3 0 216848
+2 0 216848
+11 0 1077403
+4 0 1077403
+4 0 1077403
+2 0 1077403
+2 0 1294251
+3 0 1294251
+2 0 216848
+2 0 216848
+2 0 216848
+3 0 216848
+4 0 216848
+4 0 216848
+5 0 216848
+11 0 216848
+3 0 216848
+5 0 216848
+3 0 216848
+3 0 216848
cfn=(64)
calls=216848 0x3ee40 0 
* 0 31081925
+5 0 216848
+5 0 216848
+4 0 216848
+3 0 216848
+4 0 216848
+3 0 216848
+3 0 216848
+6 0 216848
+5 0 216848
+2 0 216848
+10 0 216848
+5 0 216848
+3 0 216848
+3 0 216848
cfn=(64)
calls=216848 0x3ee40 0 
* 0 31211828
+5 0 216848
+5 0 216848
+3 0 216848
+4 0 216848
+3 0 216848
+4 0 216848
+3 0 216848
+6 0 216848
+3 0 216848
+3 0 216848
+6 0 216848
+4 0 216848
+14 0 216848
+4 0 216848

fn=(322) nscd_getpw_r
0x12fba0 0 254
+2 0 254
+3 0 254
+5 0 254
+2 0 254
+3 0 254
+7 0 254
+2 0 254
+3 0 254
+7 0 254
+2 0 254
+3 0 254
+1 0 254
+1 0 254
+3 0 254
+7 0 254
+8 0 254
+5 0 254
+5 0 254
+5 0 254
+5 0 254
+9 0 254
+8 0 254
+2 0 254
cfn=(324) __nscd_get_map_ref
calls=254 0x1334c0 0 
* 0 4826
+5 0 254
+3 0 254
+4 0 254
0x12fc7d 0 254
+8 0 254
+9 0 254
+6 0 254
+7 0 254
+3 0 254
+1 0 254
+1 0 254
+2 0 254
+2 0 254
+2 0 254
+2 0 254
+80 0 254
+3 0 254
+5 0 254
+3 0 254
+3 0 254
+6 0 254
cfn=(326)
calls=254 0x133790 0 
* 0 28702
+5 0 254
+2 0 254
+3 0 254
+7 0 254
+4 0 254
+80 0 254
+4 0 254
0x12ff00 0 254
+10 0 254
+6 0 254

fn=(340)
0x89130 0 133
+4 0 133
+4 0 133
cfn=(342) sbrk
calls=133 0xf3150 0 
* 0 3639
+5 0 133
+5 0 133
+4 0 133
+4 0 133
+4 0 133

fn=(8) _int_malloc
0x858e0 0 99732
+2 0 99732
+4 0 99732
+2 0 99732
+3 0 99732
+2 0 99732
+3 0 99732
+2 0 99732
+1 0 99732
+1 0 99732
+7 0 99732
+4 0 99732
+6 0 92904
+4 0 92904
+4 0 92904
+3 0 92904
+3 0 92904
+3 0 92904
-3 0 6828
+3 0 6828
+6 0 99732
+2 0 99732
+6 0 99732
+3 0 99732
+6 0 99732
+3 0 99732
+4 0 99732
+7 0 99732
+6 0 43793
+5 0 43793
+4 0 43793
+4 0 43793
+3 0 43793
0x85a30 0 6828
+2 0 6828
+6 0 6828
+8 0 55939
+7 0 55939
+6 0 54765
+3 0 54765
+3 0 54765
+3 0 54765
+3 0 54765
+4 0 54765
+3 0 54765
+4 0 54765
+5 0 54765
+4 0 54765
+4 0 54765
+5 0 54765
+4 0 54765
+4 0 54765
+7 0 54765
+4 0 54765
+5 0 54765
+4 0 54765
+3 0 54765
+5 0 54765
+5 0 54765
+4 0 54765
+3 0 54765
+2 0 54765
+5 0 54765
+3 0 54765
+5 0 54765
+5 0 54765
+4 0 54765
+4 0 54765
+5 0 54765
+4 0 54765
+2 0 54765
+4 0 54765
+4 0 54765
+2 0 3941
+4 0 3941
+4 0 3941
+6 0 3941
+3 0 3941
+4 0 3941
+2 0 3941
-6 0 50824
+4 0 50824
+2 0 50824
+6 0 96764
+4 0 96764
+7 0 96764
+5 0 96764
+3 0 96764
+2 0 96764
+5 0 96764
+4 0 96764
+6 0 96764
+2 0 96764
+7 0 96764
+4 0 96764
+5 0 96764
+8 0 96764
+4 0 96764
+5 0 96764
+5 0 96764
+4 0 96764
+3 0 96764
+6 0 85444
+7 0 85444
+7 0 85444
+3 0 85444
+5 0 85444
+5 0 85444
+3 0 85444
+3 0 85444
+5 0 85444
+4 0 85444
+5 0 85444
+4 0 85444
+5 0 85444
+4 0 85444
+4 0 85444
+4 0 85444
+4 0 85444
-16 0 15061
+4 0 15061
+4 0 15061
+4 0 15061
+4 0 15061
+6 0 100505
+7 0 100505
+3 0 100505
+6 0 100505
+4 0 100505
+4 0 100505
+6 0 100505
+3 0 100505
+6 0 100505
+3 0 100505
+4 0 100505
+3 0 100505
+6 0 100505
+4 0 100505
+4 0 100505
+6 0 100505
+4 0 100505
+6 0 100505
+2 0 100505
+6 0 100505
+7 0 100505
+2 0 32305
+3 0 32305
+6 0 76030
+4 0 76030
+4 0 76030
+3 0 76030
+6 0 74919
+7 0 74919
+6 0 22000
+3 0 22000
+4 0 22000
+4 0 22000
+2 0 22000
+5 0 22000
+3 0 22000
+4 0 22000
+4 0 22000
+6 0 22000
+5 0 22000
+3 0 22000
+3 0 22000
+3 0 22000
+8 0 22000
+4 0 22000
+4 0 22000
+4 0 22000
+4 0 22000
+4 0 22000
+3 0 22000
-55 0 52919
+4 0 52919
+6 0 52919
+5 0 52919
+3 0 52919
+3 0 52919
+3 0 52919
+8 0 52919
+4 0 52919
+4 0 52919
+4 0 52919
+4 0 52919
+4 0 52919
+3 0 52919
+6 0 5
+3 0 5
+6 0 5
+5 0 5
+6 0 931
+9 0 931
+5 0 931
+4 0 931
+4 0 931
+6 0 931
+3 0 931
+6 0 931
+3 0 931
+4 0 931
+4 0 931
+8 0 931
+60 0 44967
+5 0 44967
+5 0 44967
+4 0 44967
+4 0 44967
+3 0 44967
+6 0 2968
+4 0 2968
+4 0 2968
+6 0 2968
+7 0 2968
+6 0 2968
+4 0 2968
+4 0 2968
+3 0 2968
+7 0 2968
+7 0 2968
+4 0 2968
+3 0 2968
+2 0 2968
+4 0 2968
+4 0 2968
+7 0 2968
+2 0 2968
+7 0 2968
+5 0 2968
+4 0 2968
+4 0 2968
-4 0 3700
+4 0 3700
+3 0 6621
+4 0 6621
+3 0 6621
+2 0 3700
+3 0 3700
+6 0 6668
+3 0 6668
+2 0 47
+9 0 47
+6 0 47
+4 0 47
+2 0 47
-12 0 2921
+6 0 2921
+4 0 2921
+2 0 2921
+6 0 99732
+7 0 99732
+3 0 99732
+1 0 99732
+1 0 99732
+2 0 99732
+2 0 99732
+2 0 99732
+2 0 99732
+58 0 4276
+3 0 4276
cfn=(282) malloc_consolidate
calls=4276 0x83940 0 
* 0 2917711
+5 0 4276
+8 0 41999
+3 0 41999
+3 0 41999
+3 0 41999
+3 0 41999
+4 0 41999
+3 0 41999
+4 0 41999
+5 0 41999
+4 0 41999
+4 0 41999
+5 0 41999
+4 0 41999
+7 0 41999
+5 0 41999
+4 0 41999
+5 0 41999
+5 0 41999
+3 0 41999
+5 0 41999
+4 0 41999
+2 0 41999
+3 0 41999
+4 0 41999
+2 0 41999
+3 0 41999
+4 0 41999
+2 0 41999
+3 0 41999
+4 0 41999
+2 0 41999
+3 0 41999
+4 0 41999
+9 0 1111
+4 0 1111
+4 0 1111
+7 0 1111
+3 0 1111
+7 0 1111
+6 0 1111
+4 0 1111
+2 0 933
+5 0 933
+3 0 933
+5 0 933
+6 0 178
+5 0 178
+3 0 5
+4 0 5
+7 0 5
+6 0 5
+4 0 5
+3 0 5
-3 0 933
+3 0 933
+6 0 7
+6 0 7
+82 0 178
+6 0 178
+2 0 178
+50 0 52919
+3 0 52919
+4 0 52919
+7 0 52919
+6 0 52419
+3 0 52419
+4 0 52419
+7 0 52419
+6 0 18078
+3 0 18078
+4 0 18078
+4 0 18078
+4 0 18078
+2 0 18078
+5 0 18078
+4 0 18078
+4 0 18078
+3 0 18078
-26 0 34841
+4 0 34841
+4 0 34841
+2 0 34841
+5 0 34841
+4 0 34841
+4 0 34841
+3 0 34841
+6 0 78
+4 0 78
+4 0 78
+4 0 78
+4 0 78
+6 0 78
+3 0 78
+6 0 31
+4 0 31
+4 0 31
+4 0 31
+4 0 31
+4 0 31
+4 0 31
+10 0 74914
+4 0 74914
+7 0 74914
+2 0 74914
+4 0 74914
+3 0 74914
+6 0 71180
+7 0 71180
+2 0 54587
+4 0 54587
+4 0 54587
+5 0 54587
+3 0 54587
+4 0 54587
+3 0 54587
+2 0 5144
+4 0 5144
+6 0 66036
+4 0 66036
+3 0 66036
+2 0 66036
+2 0 66036
+5 0 66036
+5 0 66036
+3 0 66036
+2 0 66036
+3 0 66036
+8 0 66036
+5 0 66036
+2 0 66036
-2 0 6219
+2 0 6219
+6 0 64918
+2 0 64918
+6 0 676615
+2 0 676615
+6 0 610546
+4 0 610546
+2 0 610546
+50 0 500
+3 0 500
+4 0 500
+9 0 933
+9 0 933
+6 0 933
+5 0 933
+3 0 933
+4 0 933
+4 0 933
+4 0 933
+3 0 933
+4 0 933
+3 0 933
+11 0 32153
+4 0 32153
+6 0 29766
+5 0 29766
+6 0 24475
+4 0 24475
+3 0 24475
+5 0 24475
+4 0 24475
+4 0 24475
+4 0 24475
+4 0 24475
+4 0 24475
+7 0 24475
+2 0 13027
+8 0 13027
+8 0 13027
+7 0 13027
+3 0 13027
+3 0 13027
+3 0 13027
+4 0 13027
+3 0 13027
+4 0 13027
+4 0 13027
+3 0 13027
+4 0 13027
+4 0 13027
+6 0 13027
+3 0 13027
+4 0 13027
+2 0 13027
-57 0 11448
+7 0 11448
+3 0 11448
+3 0 11448
+3 0 11448
+4 0 11448
+3 0 11448
+4 0 11448
+4 0 11448
+3 0 11448
+4 0 11448
+4 0 11448
+6 0 11448
+3 0 11448
+4 0 11448
+2 0 11448
+57 0 12322
+3 0 12322
+8 0 12322
+2 0 12322
+6 0 18508
+3 0 18508
+3 0 18508
+2 0 6186
+4 0 6186
+4 0 6186
+4 0 6186
+7 0 6186
+6 0 6186
+4 0 6186
+3 0 6186
+6 0 10
+5 0 10
+4 0 10
+2 0 10
0x862a0 0 66069
+4 0 66069
+3 0 66069
+6 0 6219
+2 0 6219
+4 0 6219
+2 0 6219
+2 0 6219
+2 0 6219
+8 0 6219
+31 0 3700
+4 0 3700
+6 0 3700
+3 0 3700
+7 0 3700
+4 0 3700
+4 0 3700
+3 0 3700
+4 0 3700
+4 0 3700
+4 0 3700
+3 0 3700
+4 0 3700
+4 0 3700
+58 0 52841
+4 0 52841
+4 0 52841
+3 0 52841
+4 0 52841
+9 0 34341
+3 0 34341
+4 0 34341
+7 0 34341
+6 0 32853
+3 0 32853
+4 0 32853
+61 0 47
+4 0 47
+2 0 47
+6 0 47
+4 0 47
+3 0 47
-3 0 1
+3 0 1
+2 0 1
+4 0 1
+4 0 1
+2 0 1
+33 0 47
+6 0 10
+4 0 10
+4 0 10
+4 0 10
+4 0 10
+4 0 10
+6 0 10
+4 0 10
+4 0 10
+3 0 10
+4 0 10
+4 0 10
+4 0 10
-8 0 37
+4 0 37
+4 0 37
+6 0 47
+4 0 47
+46 0 1190
+2 0 1190
+3 0 1190
+3 0 1190
+5 0 1190
+5 0 1190
+5 0 1488
+3 0 1488
+4 0 1488
+7 0 1488
+2 0 928
+3 0 928
+4 0 928
+5 0 37
+4 0 37
+2 0 560
+3 0 560
+5 0 560
+4 0 560
+7 0 560
+4 0 560
+3 0 560
+4 0 560
+36 0 59850
+4 0 59850
+5 0 59850
+4 0 59850
+3 0 59850
+6 0 59850
+3 0 59850
+3 0 59850
+5 0 59850
+3 0 59850
+4 0 59850
cfn=(10) unlink_chunk.isra.0
calls=59850 0x83870 0 
* 0 1692353
+5 0 59850
+4 0 59850
+4 0 59850
+5 0 59850
+6 0 52872
+4 0 52872
+4 0 52872
+4 0 52872
+6 0 52872
+4 0 52872
+4 0 52872
+4 0 52872
+4 0 52872
+7 0 52872
+2 0 6036
+4 0 6036
+7 0 6036
-7 0 46836
+7 0 46836
+2 0 46046
+8 0 46046
+8 0 46046
+7 0 46046
+3 0 46046
+3 0 46046
+3 0 46046
+4 0 46046
+3 0 46046
+4 0 46046
+4 0 46046
+3 0 46046
+4 0 46046
+4 0 46046
+4 0 46046
+6 0 46046
+4 0 46046
+2 0 46046
-58 0 6826
+7 0 6826
+3 0 6826
+3 0 6826
+3 0 6826
+4 0 6826
+3 0 6826
+4 0 6826
+4 0 6826
+3 0 6826
+4 0 6826
+4 0 6826
+4 0 6826
+6 0 6826
+4 0 6826
+2 0 6826
-12 0 6978
+6 0 6978
+4 0 6978
+2 0 6978
+11 0 6978
+7 0 6978
+6 0 6978
+3 0 6978
0x86632 0 6176
+7 0 6176
+3 0 6176
+4 0 6176
+5 0 6176
+3 0 6176
+4 0 6176
+3 0 6176
+4 0 6176
+4 0 6176
+3 0 6176
+4 0 6176
+3 0 6176
+4 0 6176
+4 0 6176
+4 0 6176
+6 0 6176
+2 0 6176
+42 0 10
+3 0 10
+3 0 10
+5 0 10
cfn=(338)
calls=10 0x850a0 0 
* 0 1612
+5 0 10
+3 0 10
+3 0 10
+6 0 10
+6 0 10
+2 0 10
+11 0 5144
+5 0 5144
+4 0 5144
+6 0 5144
+4 0 5144
+3 0 5144
+4 0 5144
+3 0 5144
+2 0 5144
+4 0 5144
+2 0 1
+4 0 1
+4 0 1
+4 0 1
+3 0 1
+3 0 1
+4 0 1
cfn=(10)
calls=1 0x83870 0 
* 0 21
-10 0 5143
+3 0 5143
+3 0 5143
+4 0 5143
cfn=(10)
calls=5143 0x83870 0 
* 0 159433
+5 0 5144
+3 0 5144
+4 0 5144
+4 0 5144
+6 0 5090
+4 0 5090
+4 0 5090
+4 0 5090
+2 0 5090
+4 0 5090
+4 0 5090
+4 0 5090
+4 0 5090
+7 0 5090
+2 0 76
+8 0 76
+8 0 76
+7 0 76
+3 0 76
+3 0 76
+3 0 76
+4 0 76
+3 0 76
+4 0 76
+4 0 76
+3 0 76
+4 0 76
+4 0 76
+4 0 76
+6 0 76
+4 0 76
+2 0 76
-58 0 5014
+7 0 5014
+3 0 5014
+3 0 5014
+3 0 5014
+4 0 5014
+3 0 5014
+4 0 5014
+4 0 5014
+3 0 5014
+4 0 5014
+4 0 5014
+4 0 5014
+6 0 5014
+4 0 5014
+2 0 5014
-12 0 54
+6 0 54
+4 0 54
+2 0 54
+23 0 54
+7 0 54
+6 0 54
+3 0 54

fn=(96)
0x87c70 0 307023
+4 0 307023
+4 0 307023
+7 0 307023
+3 0 307023
+3 0 307023
+6 0 307023
+3 0 307023
+2 0 256199
+4 0 256199
+4 0 256199
+2 0 256199
+2 0 256199
+7 0 256199
+5 0 256199
+6 0 256199
+7 0 256199
+2 0 256199
+14 0 256199
+2 0 256199
+4 0 256199
cfn=(98) _int_free
calls=256199 0x846d0 0 
* 0 20492279
+53 0 50824
+4 0 50824

fn=(140)
0x73240 0 50823
+4 0 50823
+5 0 50823
cfn=(142)
calls=50823 0x73140 0 
* 0 24090102

fn=(152)
0x7f510 0 50823
+4 0 50823
+2 0 50823
+2 0 50823
+2 0 50823
+2 0 50823
+1 0 50823
+1 0 50823
+4 0 50823
+9 0 50823
+5 0 50823
+2 0 50823
+4 0 50823
+6 0 50823
+3 0 50823
+3 0 50823
+3 0 50823
+2 0 50823
+41 0 50823
+5 0 50823
+9 0 50823
+6 0 50823
+4 0 50823
+3 0 50823
+1 0 50823
+1 0 50823
+2 0 50823
+2 0 50823
+2 0 50823
+2 0 50823
+28 0 50823
+4 0 50823
+3 0 50823
+7 0 50823
+4 0 50823
+4 0 50823
+2 0 50823
-10 0 101646
+4 0 101646
+4 0 101646
+2 0 101646
+2 0 152469
+2 0 152469
+6 0 101646
+3 0 101646
+2 0 101646
+2 0 101646
+3 0 101646
+4 0 101646
+3 0 101646
+6 0 101646
+3 0 101646
+2 0 50823
+3 0 50823
+3 0 50823
+2 0 50823
+5 0 50823
cfn=(154)
calls=50823 0x7f420 0 
* 0 3964194
+5 0 50823
+3 0 50823
+3 0 50823
+6 0 50823
+4 0 50823
+7 0 50823
cfn=(158)
calls=50823 0x8bf90 0 
* 0 2846088
+5 0 50823
+3 0 50823
+3 0 50823
0x7f714 0 50823
+4 0 50823
+6 0 50823
+5 0 50823
+4 0 50823
+41 0 50823
+2 0 50823
0x7f9a0 0 50823
+6 0 50823
+3 0 50823
+2 0 50823

fn=(276)
0xc47b0 0 3941
+4 0 3941
+3 0 3941
+2 0 3941
+4 0 3941
+5 0 3941
+2 0 3941
cfn=(156)
calls=3941 0xf2480 0 
* 0 106407
+5 0 3941
+4 0 3941
+2 0 3941
cfn=(278) opendir_tail
calls=3941 0xc46c0 0 
* 0 4971305

fn=(288) __getdents
0xc4970 0 7886
+4 0 7886
+5 0 7886
+2 0 7886
+6 0 7886
+2 0 7886

fn=(328)
0x132c50 0 508
+1 0 508
+3 0 508
+2 0 508
+2 0 508
+3 0 508
+2 0 508
+2 0 508
+3 0 508
+5 0 508
+2 0 508
+1 0 508
+7 0 508
+6 0 508
+5 0 508
+9 0 508
+4 0 508
+2 0 508
cfn=(330) socket
calls=508 0xfd760 0 
* 0 3048
+5 0 508
+2 0 508
+6 0 508
+3 0 508
+4 0 508
+5 0 508
+8 0 508
+4 0 508
+7 0 508
+3 0 508
+7 0 508
+3 0 508
+5 0 508
+10 0 508
+4 0 508
+5 0 508
+7 0 508
+4 0 508
+7 0 508
cfn=(332) connect
calls=508 0xfd130 0 
* 0 7112
+5 0 508
+2 0 508
+2 0 508
+7 0 508
+4 0 508
+90 0 508
+4 0 508
+9 0 508
+6 0 508
+4 0 508
+3 0 508
+1 0 508
+2 0 508
+2 0 508
+2 0 508
+2 0 508
+1 0 508
0x132e50 0 508
+3 0 508
+6 0 508
cfn=(92)
calls=508 0xf2330 0 
* 0 3048
+5 0 508

fn=(350)
0x3cf90 0 1
+4 0 1
+4 0 1
+5 0 1
+5 0 1
+7 0 1
cfn=(352)
calls=1 0x3cd30 0 
* 0 1528

fn=(424)
0xc9600 0 1
+4 0 1
+7 0 1
+2 0 1
+6 0 1
+5 0 1

fn=(2) _IO_file_doallocate
0x726a0 0 50823
+4 0 50823
+2 0 50823
+1 0 50823
+3 0 50823
+1 0 50823
+7 0 50823
+9 0 50823
+8 0 50823
+2 0 50823
+3 0 50823
+2 0 50823
+6 0 50823
+7 0 50823
+7 0 50823
+7 0 50823
+3 0 50823
+3 0 50823
+3 0 50823
+3 0 50823
+6 0 50823
+3 0 50823
+3 0 50823
cfn=(182) _IO_file_stat
calls=50823 0x7e960 0 
* 0 813168
cfn=(0) _fxstat
calls=1 0xec7c1 0 
+5 0 3
+6 0 50824
+2 0 50824
+2 0 50824
+4 0 50824
+5 0 50824
+5 0 50824
+6 0 50824
+5 0 50824
+4 0 50824
+6 0 50824
+2 0 50824
+3 0 50824
cob=(4)
cfi=(2)
cfn=(4)
calls=50824 0x4893310 0 
* 0 20457650
+5 0 50824
+3 0 50824
+3 0 50824
+2 0 50824
+4 0 50824
+5 0 50824
+3 0 50824
cfn=(12) _IO_setb
calls=50824 0x80c00 0 
* 0 1423072
+5 0 50824
+5 0 50824
+8 0 50824
+9 0 50824
+6 0 50824
+7 0 50824
+1 0 50824
+1 0 50824
+2 0 50824

fn=(16) _IO_file_underflow@@GLIBC_2.2.5
0x7fb10 0 50823
+4 0 50823
+2 0 50823
+2 0 50823
+6 0 50823
+2 0 50823
+2 0 50823
+2 0 50823
+1 0 50823
+1 0 50823
+3 0 50823
+2 0 50823
+6 0 50823
+4 0 50823
+4 0 50823
+6 0 50823
+5 0 50823
+6 0 50824
+7 0 50824
+7 0 50824
+3 0 50824
+5 0 50824
0x7fc10 0 50824
+3 0 50824
cfn=(18)
calls=50824 0x80860 0 
* 0 1270600
+5 0 50824
+7 0 50824
+4 0 50824
+3 0 50824
+4 0 50824
+3 0 50824
+4 0 50824
+4 0 50824
+4 0 50824
+4 0 50824
+4 0 50824
+3 0 50824
+6 0 50824
+4 0 50824
+3 0 50824
+3 0 50824
cfn=(20)
calls=50824 0x7ef40 0 
* 0 609888
+4 0 50824
+3 0 50824
+2 0 50824
+7 0 50824
+4 0 50824
+4 0 50824
+12 0 50824
+4 0 50824
+3 0 50824
+1 0 50824
+1 0 50824
+2 0 50824
+2 0 50824
+2 0 50824
0x7fd10 0 50823
+4 0 50823
+3 0 50823
+13 0 50823
+3 0 50823
cfn=(14) _IO_doallocbuf
calls=50823 0x80c60 0 
* 0 26606911
cfn=(14)
calls=1 0x80cdf 0 
+4 0 387
+5 0 50824
+2 0 50824

fn=(24)
0x7d2d0 0 631968
+4 0 631968
+2 0 631968
+2 0 631968
+2 0 631968
+3 0 631968
+2 0 631968
+3 0 631968
+1 0 631968
+3 0 631968
+1 0 631968
+4 0 631968
+6 0 631968
+2 0 631968
+6 0 631968
+4 0 631968
+4 0 631968
+3 0 631968
+3 0 631968
+2 0 581145
+3 0 581145
+5 0 581145
+3 0 581145
cob=(4)
cfi=(2)
cfn=(26)
calls=581145 0x4893420 0 
* 0 16388903
+5 0 581145
+3 0 581145
+3 0 581145
+6 0 581145
+3 0 581145
+3 0 581145
+4 0 581145
+3 0 581145
+6 0 581145
+4 0 581145
+3 0 581145
+3 0 581145
+5 0 581145
+3 0 581145
+4 0 581145
cob=(4)
cfi=(2)
cfn=(30)
calls=581145 0x48934c0 0 
* 0 8751360
+5 0 581145
+5 0 581145
+3 0 581145
+6 0 581145
+4 0 581145
+4 0 581145
+1 0 581145
+1 0 581145
+2 0 581145
+2 0 581145
+2 0 581145
+2 0 581145
-14 0 50824
+4 0 50824
+1 0 50824
+1 0 50824
+2 0 50824
+2 0 50824
+2 0 50824
+2 0 50824
+5 0 50823
+3 0 50823
+2 0 50823
cfn=(170) ftello
calls=50823 0x7c1c0 0 
* 0 6403698
+5 0 50823
+5 0 50823
+5 0 50823
+6 0 50823
+6 0 50823
+5 0 50823
+3 0 50823
+3 0 50823
+3 0 50823
+10 0 50824
+4 0 50824
+4 0 50824
+3 0 50824
+3 0 50824
+6 0 50824
+3 0 50824
+5 0 50824
+3 0 50824
cob=(4)
cfi=(2)
cfn=(26)
calls=50824 0x4893420 0 
* 0 1187896
+5 0 50824
+3 0 50824
+3 0 50824
+3 0 50824
+3 0 50824
+41 0 50823
+3 0 50823
cfn=(180) __underflow
calls=50823 0x809b0 0 
* 0 33366370
cfn=(16)
calls=1 0x7fc78 0 
+4 0 463
+5 0 50824
+3 0 50824
+22 0 50824
+4 0 50824
+3 0 50824
0x7d4f8 0 50824
+3 0 50824
+5 0 50824
+3 0 50824
+5 0 50824
+3 0 50824
+6 0 50824
+3 0 50824
+5 0 50824
+3 0 50824
cob=(4)
cfi=(2)
cfn=(30)
calls=50824 0x48934c0 0 
* 0 711536
+5 0 50824
+5 0 50824
+6 0 50824
+5 0 50824
+4 0 50824
+5 0 50824
+4 0 50824
+10 0 50823
+10 0 50823

fn=(86)
0x7f1e0 0 50824
+4 0 50824
+2 0 50824
+1 0 50824
+1 0 50824
+4 0 50824
+4 0 50824
+6 0 50824
+2 0 50824
+3 0 50824
+2 0 50824
+5 0 50824
+5 0 50824
+6 0 50824
+3 0 50824
+3 0 50824
cfn=(88) _IO_unsave_markers
calls=50824 0x82050 0 
* 0 304944
+5 0 50824
+4 0 50824
+2 0 50824
+7 0 50824
+7 0 50824
+7 0 50824
+3 0 50824
+3 0 50824
+3 0 50824
+3 0 50824
+6 0 50824
+3 0 50824
cfn=(90)
calls=50824 0x7dbe0 0 
* 0 457416
+8 0 50824
+3 0 50824
+6 0 50824
+2 0 50824
+92 0 50824
+2 0 50824
+2 0 50824
+2 0 50824
+3 0 50824
cfn=(12)
calls=50824 0x80c00 0 
* 0 9401964
+5 0 50824
+8 0 50824
+3 0 50824
+8 0 50824
+8 0 50824
+8 0 50824
+8 0 50824
+8 0 50824
cfn=(82)
calls=50824 0x80370 0 
* 0 203296
+5 0 50824
+3 0 50824
+6 0 50824
+7 0 50824
+4 0 50824
+11 0 50824
+3 0 50824
+1 0 50824
+1 0 50824
+2 0 50824

fn=(100)
0x7f380 0 50824
+4 0 50824
+1 0 50824
+3 0 50824
+1 0 50824
+4 0 50824
+4 0 50824
+89 0 50824
+4 0 50824
+3 0 50824
+2 0 50824
+1 0 50824
+1 0 50824
cfn=(102)
calls=50824 0x813d0 0 
* 0 813184

fn=(122)
0xed1e0 0 1790104
+4 0 1790104
+7 0 1790104
+2 0 1790104
+2 0 1790104
+2 0 1790104
+5 0 1790104
+2 0 1790104
+6 0 1790104
+2 0 1790104

fn=(174) _IO_file_seekoff@@GLIBC_2.2.5
0x7e370 0 50823
+4 0 50823
+2 0 50823
+2 0 50823
+2 0 50823
+2 0 50823
+1 0 50823
+3 0 50823
+1 0 50823
+7 0 50823
+9 0 50823
+8 0 50823
+2 0 50823
+2 0 50823
0x7e69b 0 50823
+8 0 50823
+9 0 50823
+6 0 50823
+7 0 50823
+1 0 50823
+1 0 50823
+2 0 50823
+2 0 50823
+2 0 50823
+2 0 50823
+5 0 50823
+5 0 50823
0x7e770 0 50823
+7 0 50823
+3 0 50823
+4 0 50823
+2 0 50823
+3 0 50823
+3 0 50823
+74 0 50823
+7 0 50823
+7 0 50823
+7 0 50823
+3 0 50823
+3 0 50823
+3 0 50823
+3 0 50823
+6 0 50823
+2 0 50823
+5 0 50823
+3 0 50823
cfn=(176) _IO_file_seek
calls=50823 0x7e090 0 
* 0 457407
+6 0 50823
+3 0 50823
+4 0 50823

fn=(336)
0x1300a0 0 254
+2 0 254
+3 0 254
+7 0 254
+2 0 254
+3 0 254
+2 0 254
+3 0 254
+2 0 254
+3 0 254
+1 0 254
+1 0 254
+3 0 254
+7 0 254
+8 0 254
+5 0 254
+5 0 254
+5 0 254
+5 0 254
+7 0 254
+5 0 254
+4 0 254
+9 0 254
+8 0 254
+2 0 254
+8 0 254
+12 0 254
+5 0 254
+8 0 254
cfn=(324)
calls=254 0x1334c0 0 
* 0 4826
+5 0 254
+3 0 254
+3 0 254
+3 0 254
+3 0 254
+3 0 254
+5 0 254
+5 0 254
+4 0 254
0x130214 0 254
+4 0 254
+35 0 254
+8 0 254
+5 0 254
+7 0 254
+8 0 254
+9 0 254
+6 0 254
+7 0 254
+3 0 254
+1 0 254
+1 0 254
+2 0 254
+2 0 254
+2 0 254
+2 0 254
+85 0 254
+5 0 254
+5 0 254
+5 0 254
+3 0 254
+6 0 254
cfn=(326)
calls=254 0x133790 0 
* 0 28702
+5 0 254
+3 0 254
+3 0 254
+30 0 254
+3 0 254
0x1305c0 0 254
+10 0 254
+5 0 254

fn=(106)
0x11eb70 0 50824
+4 0 50824
+2 0 50824
+3 0 50824
+2 0 50824
+2 0 50824
+3 0 50824
+1 0 50824
+3 0 50824
+1 0 50824
+3 0 50824
+3 0 50824
0x11ec16 0 50824
+1 0 50824
+3 0 50824
+1 0 50824
+2 0 50824
+2 0 50824
+2 0 50824
+7 0 50824
+4 0 50824
+4 0 50824
+2 0 50824
+3 0 50824
+3 0 50824
+6 0 50824
+6 0 50824
+6 0 50824

fn=(170)
0x7c1c0 0 50823
+4 0 50823
+1 0 50823
+2 0 50823
+3 0 50823
+5 0 50823
+2 0 50823
+7 0 50823
+9 0 50823
+4 0 50823
+2 0 50823
+5 0 50823
+7 0 50823
+10 0 50823
+3 0 50823
+24 0 50823
+7 0 50823
+4 0 50823
+4 0 50823
+2 0 50823
+5 0 50823
+2 0 50823
+3 0 50823
cfn=(172) _IO_seekoff_unlocked
calls=50823 0x74c80 0 
* 0 4116663
+5 0 50823
+3 0 50823
+2 0 50823
+2 0 50823
+6 0 50823
+3 0 50823
+40 0 50823
+8 0 50823
+7 0 50823
+9 0 50823
+2 0 50823
+24 0 50823
+4 0 50823
+2 0 50823
+3 0 50823
+1 0 50823
+15 0 50823
+2 0 50823
+2 0 50823
+7 0 50823
+4 0 50823
+2 0 50823

fn=(324)
0x1334c0 0 508
+4 0 508
+2 0 508
+2 0 508
+2 0 508
+1 0 508
+1 0 508
+4 0 508
+4 0 508
+4 0 508
0x133578 0 508
+4 0 508
+7 0 508
+1 0 508
+3 0 508
+1 0 508
+2 0 508
+2 0 508
+2 0 508

fn=(178) lseek
0xed290 0 50823
+4 0 50823
+5 0 50823
+2 0 50823
+6 0 50823
+2 0 50823

fn=(330)
0xfd760 0 508
+4 0 508
+5 0 508
+2 0 508
+6 0 508
+2 0 508

fn=(12)
0x80c00 0 101648
+4 0 101648
+2 0 101648
+3 0 101648
+2 0 101648
+3 0 101648
+1 0 101648
+2 0 101648
+1 0 101648
+3 0 101648
+4 0 101648
+4 0 101648
+2 0 101648
+3 0 101648
+2 0 50824
+2 0 50824
+2 0 101648
+2 0 101648
+3 0 101648
+4 0 101648
+3 0 101648
+2 0 101648
+4 0 101648
+3 0 101648
+2 0 101648
+4 0 101648
+1 0 101648
+1 0 101648
+2 0 101648
+2 0 101648
+7 0 50824
cob=(4)
cfi=(2)
cfn=(94)
calls=50824 0x4893330 0 
* 0 7724772
+5 0 50824
+2 0 50824

fn=(28)
0x15aaa0 0 631969
+4 0 631969
+3 0 631969
+6 0 631969
+2 0 631969
+4 0 631969
+5 0 631969
+3 0 631969
+3 0 631969
+2 0 333706
+4 0 333706
+4 0 333706
+2 0 333706
+6 0 86814
+4 0 86814
+6 0 86814
+4 0 86814
+3 0 86814
+4 0 86814
+3 0 86814
+7 0 86814
+6 0 86814
+11 0 298263
+3 0 298263
+4 0 298263
+4 0 298263
+4 0 298263
+2 0 298263
+2 0 298263
+2 0 107989
+4 0 107989
+3 0 107989
+6 0 107989
+3 0 107989
+3 0 107989
+3 0 107989
+5 0 190274
+3 0 190274
+4 0 190274
+3 0 190274
+6 0 190274
+4 0 190274
+7 0 190274
+6 0 272156
+4 0 272156
+4 0 272156
+2 0 272156
+6 0 119608
+5 0 119608
+4 0 119608
+2 0 119608
+6 0 6837
+5 0 6837
+4 0 6837
+2 0 6837
0x15abfb 0 4932
+3 0 4932
+2 0 4932
+4 0 4932
+4 0 4932
+2 0 4932
0x15ac90 0 246892
+4 0 246892
+3 0 246892
+2 0 246892
+3 0 246892
+3 0 246892
0x15ad10 0 157480
+4 0 157480
+3 0 157480
+3 0 157480
+6 0 112771
+4 0 112771
+4 0 112771
+3 0 112771
+3 0 112771
+2 0 6837
+4 0 6837
+4 0 6837
+3 0 6837
+3 0 6837

fn=(88)
0x82050 0 50824
+4 0 50824
+5 0 50824
+10 0 50824
+5 0 50824
+8 0 50824

fn=(318)
0x130010 0 254
+4 0 254
+2 0 254
+2 0 254
+3 0 254
+2 0 254
+3 0 254
+1 0 254
+3 0 254
+2 0 254
+1 0 254
+3 0 254
+5 0 254
+4 0 254
+9 0 254
+5 0 254
+2 0 254
+5 0 254
+5 0 254
cfn=(320)
calls=254 0x4fb00 0 
* 0 9544
+5 0 254
+5 0 254
+3 0 254
+3 0 254
+4 0 254
+3 0 254
+5 0 254
+3 0 254
+2 0 254
+3 0 254
cfn=(322)
calls=254 0x12fba0 0 
* 0 47498
+5 0 254
+1 0 254
+1 0 254
+5 0 254
+9 0 254
+2 0 254
+4 0 254
+1 0 254
+1 0 254
+2 0 254
+2 0 254

fn=(376) __unregister_atfork
0x1098f0 0 3
+4 0 3
+3 0 3
+5 0 3
+2 0 3
+7 0 3
+14 0 3
+7 0 3
+28 0 3
+7 0 3
+3 0 3
0x1099eb 0 3
+7 0 3
+13 0 3
+6 0 3
+28 0 3

fn=(6)
0x875d0 0 256138
+4 0 256138
+2 0 256138
+2 0 256138
+1 0 256138
+3 0 256138
+1 0 256138
+4 0 256138
+7 0 256138
+3 0 256138
+3 0 256138
+6 0 256138
+4 0 256138
+4 0 256138
+6 0 60162
+2 0 60162
+5 0 60162
+3 0 60162
-3 0 195976
+3 0 195976
+6 0 256138
+2 0 256138
+6 0 256138
+7 0 256138
+4 0 256138
+3 0 256138
+5 0 256138
+4 0 256138
+3 0 256138
+6 0 256138
+7 0 256138
+6 0 99732
+7 0 99732
+2 0 99732
+2 0 99732
+6 0 99732
+3 0 99732
+7 0 99732
cfn=(8)
calls=99732 0x858e0 0 
* 0 30388922
+5 0 99732
+3 0 99732
+3 0 99732
+6 0 99732
+4 0 99732
+2 0 99732
+6 0 99732
+2 0 99732
+63 0 195976
+4 0 195976
+4 0 195976
+3 0 195976
+61 0 201373
+4 0 201373
+4 0 201373
+3 0 201373
+6 0 156406
+7 0 156406
+6 0 156406
+3 0 156406
+4 0 156406
+5 0 156406
+8 0 156406
+4 0 156406
+3 0 156406
+1 0 156406
+1 0 156406
+2 0 156406
+2 0 156406
-13 0 99732
+4 0 99732
+3 0 99732
+1 0 99732
+1 0 99732
+2 0 99732
+2 0 99732

fn=(172)
0x74c80 0 50823
+4 0 50823
+3 0 50823
+6 0 50823
+2 0 50823
+3 0 50823
+1 0 50823
+4 0 50823
+2 0 50823
+71 0 50823
+7 0 50823
+7 0 50823
+7 0 50823
+3 0 50823
+3 0 50823
+3 0 50823
+3 0 50823
+2 0 50823
+4 0 50823
+4 0 50823
+3 0 50823
+1 0 50823
+2 0 50823
cfn=(174)
calls=50823 0x7e370 0 
* 0 2947734

fn=(180)
0x809b0 0 50823
+4 0 50823
+1 0 50823
+3 0 50823
+1 0 50823
+4 0 50823
+6 0 50823
+2 0 50823
+16 0 50823
+7 0 50823
+6 0 50823
+4 0 50823
+4 0 50823
+6 0 50823
+7 0 50823
+2 0 50823
+5 0 50823
+22 0 50823
+7 0 50823
+7 0 50823
+7 0 50823
+3 0 50823
+3 0 50823
+3 0 50823
+3 0 50823
+6 0 50823
+4 0 50823
+4 0 50823
+3 0 50823
+1 0 50823
+1 0 50823
cfn=(16)
calls=50823 0x7fb10 0 
* 0 31587565
+8 0 50823
+5 0 50823
+59 0 50823
+3 0 50823

fn=(320)
0x4fb00 0 508
+4 0 508
+3 0 508
+2 0 508
+7 0 508
+7 0 508
+4 0 508
+3 0 508
0x4fb90 0 508
+10 0 508
+6 0 508
+3 0 508
+3 0 508
+4 0 508
+3 0 508
+4 0 508
+4 0 508
+3 0 508
+3 0 508
+5 0 508
+3 0 508
+3 0 508
+3 0 508
+4 0 508
-45 0 420
+3 0 420
+3 0 420
+4 0 420
+3 0 420
+4 0 420
+4 0 420
+3 0 420
+3 0 420
+5 0 420
+3 0 420
+3 0 420
+3 0 420
+4 0 420
+2 0 508
+3 0 508

fn=(10)
0x83870 0 150970
+4 0 150970
+4 0 150970
+3 0 150970
+4 0 150970
+4 0 150970
+6 0 150970
+4 0 150970
+4 0 150970
+4 0 150970
+2 0 150970
+4 0 150970
+2 0 150970
+4 0 150970
+4 0 150970
+7 0 150970
+2 0 105044
+4 0 105044
+3 0 105044
+2 0 52885
+4 0 52885
+2 0 52885
+4 0 52885
+4 0 52885
+2 0 52885
+5 0 52885
+2 0 52882
+4 0 52882
+4 0 52882
+4 0 52882
+4 0 52882
-4 0 98088
+4 0 98088
+2 0 3
+3 0 3
+2 0 1
+4 0 1
+4 0 1
+4 0 1
+4 0 1
+4 0 1
+4 0 1
+19 0 2
+4 0 2
+4 0 2

fn=(98)
0x846d0 0 256199
+2 0 256199
+2 0 256199
+2 0 256199
+2 0 256199
+1 0 256199
+1 0 256199
+4 0 256199
+9 0 256199
+5 0 256199
+2 0 256199
+4 0 256199
+3 0 256199
+4 0 256199
+3 0 256199
+3 0 256199
+3 0 256199
+6 0 256199
+3 0 256199
+4 0 256199
+6 0 256199
+4 0 256199
+6 0 256199
+2 0 256199
+6 0 256199
+7 0 256199
+3 0 256199
+4 0 256199
+3 0 256199
+2 0 256199
+4 0 256199
+3 0 256199
+4 0 256199
+7 0 256199
+2 0 201430
+4 0 201430
+4 0 201430
+6 0 201430
+5 0 201430
+7 0 201430
+3 0 201430
+6 0 103444
+7 0 103444
+6 0 47479
+5 0 47479
+4 0 47479
+4 0 47479
+6 0 47479
+4 0 47479
+8 0 47479
+6 0 47479
+6 0 47479
+2 0 47479
+6 0 47479
+9 0 47479
+3 0 47479
+3 0 47479
+7 0 47479
+4 0 47479
+4 0 47479
+2 0 47479
+2 0 47479
+6 0 47479
+3 0 47479
+6 0 47479
+4 0 47479
+4 0 47479
+3 0 47479
+2 0 40608
+3 0 40608
+17 0 256199
+5 0 256199
+9 0 256199
+6 0 256199
+4 0 256199
+1 0 256199
+1 0 256199
+2 0 256199
+2 0 256199
+2 0 256199
+2 0 256199
+11 0 55965
+2 0 55965
+6 0 55965
+7 0 55965
+2 0 55965
+2 0 55965
+11 0 55965
+6 0 55965
+5 0 55965
+5 0 55965
+3 0 55965
+6 0 55965
+6 0 55965
+6 0 55965
+4 0 55965
+2 0 55965
+6 0 55965
+3 0 55965
+4 0 55965
+4 0 55965
+6 0 55965
+8 0 55965
+6 0 55965
+6 0 55965
+2 0 55965
+6 0 55965
+4 0 55965
+2 0 23
+4 0 23
+3 0 23
+3 0 23
+4 0 23
+4 0 23
+3 0 23
+6 0 23
+3 0 23
cfn=(10)
calls=23 0x83870 0 
* 0 459
+5 0 55965
+5 0 55965
+6 0 53373
+6 0 53373
+6 0 1421
+5 0 1421
+5 0 1421
+5 0 1421
+4 0 1421
-14 0 51952
+5 0 51952
+5 0 51952
+4 0 51952
+6 0 53373
+4 0 53373
+4 0 53373
+7 0 53373
+6 0 53373
+5 0 53373
+4 0 53373
+3 0 53373
+4 0 53373
+4 0 53373
+5 0 53373
+7 0 53373
-7 0 2592
+7 0 2592
+6 0 55965
+3 0 55965
+77 0 152755
+7 0 152755
+6 0 152755
+4 0 152755
+3 0 152755
+4 0 152755
+4 0 152755
+4 0 152755
+4 0 152755
+4 0 152755
0x84a70 0 52187
+8 0 52187
+8 0 52187
0x84af8 0 3449
+5 0 3449
+2 0 3449
+6 0 3449
+7 0 3449
+3 0 3449
+65 0 2592
+3 0 2592
+3 0 2592
+4 0 2592
+4 0 2592
+5 0 2592
+93 0 51952
+3 0 51952
+3 0 51952
cfn=(10)
calls=51952 0x83870 0 
* 0 1073884
+5 0 51952
0x84c30 0 55965
+4 0 55965
+4 0 55965
+3 0 55965
+3 0 55965
+58 0 137
+3 0 137
cfn=(282)
calls=137 0x83940 0 
* 0 22588
+5 0 137
0x84d00 0 3449
+5 0 3449
+4 0 3449
+4 0 3449
+7 0 3449
+6 0 1711
+7 0 1711
cfn=(296)
calls=1711 0x84600 0 
* 0 48084
+5 0 1711

fn=(150)
0x80390 0 101646
+4 0 101646
+1 0 101646
+1 0 101646
+4 0 101646
+9 0 101646
+5 0 101646
+2 0 101646
+2 0 101646
+2 0 101646
+6 0 50823
+6 0 50823
+2 0 50823
+3 0 50823
+2 0 50823
+2 0 50823
+6 0 50823
+9 0 50823
+7 0 50823
+4 0 50823
+9 0 50823
+7 0 50823
+2 0 50823
+5 0 50823
+2 0 50823
+7 0 50823
+14 0 50823
+7 0 50823
+28 0 50823
+7 0 50823
+6 0 50823
+2 0 50823
+7 0 50823
+3 0 50823
+6 0 50823
+5 0 50823
+6 0 50823
+7 0 50823
+9 0 50823
+4 0 50823
+6 0 50823
+5 0 50823
+7 0 50823
+11 0 50823
+4 0 50823
+24 0 50823
+7 0 50823
+2 0 50823
+4 0 50823
+7 0 50823
+5 0 50823
+4 0 50823
+7 0 50823
+3 0 50823
+2 0 50823
+5 0 50823
+6 0 50823
+2 0 50823
+8 0 50823
+7 0 50823
+10 0 50823
+3 0 50823
+24 0 50823
+6 0 50823
+29 0 50823
+11 0 50823
+3 0 50823
+6 0 50823
+2 0 50823
+11 0 50823
+7 0 50823
+13 0 50823
+6 0 50823
+28 0 50823
+2 0 50823
+29 0 101646
+5 0 101646
+9 0 101646
+2 0 101646
+4 0 101646
+1 0 101646
+1 0 101646

fn=(176)
0x7e090 0 50823
+4 0 50823
+3 0 50823
cfn=(178)
calls=50823 0xed290 0 
* 0 304938

fn=(182)
0x7e960 0 50823
+4 0 50823
+3 0 50823
+3 0 50823
+5 0 50823
cfn=(0)
calls=50823 0xec7a0 0 
* 0 559053

fn=(206)
0x15ec40 0 415121
+4 0 415121
+2 0 415121
+3 0 415121
+4 0 415121
+3 0 415121
+3 0 415121
+45 0 415121
+3 0 415121
+4 0 415121
+4 0 415121
+4 0 415121
+2 0 415121
+2 0 415121
+2 0 298892
+4 0 298892
+3 0 298892
+3 0 298892
+3 0 298892
+3 0 298892
+11 0 116229
+4 0 116229
+4 0 116229
+4 0 116229
+2 0 116229
0x15ed50 0 116229
+4 0 116229
+3 0 116229
+3 0 116229
+3 0 116229

fn=(278)
0xc46c0 0 3941
+2 0 3941
+1 0 3941
+7 0 3941
+9 0 3941
+8 0 3941
+2 0 3941
+2 0 3941
+2 0 3941
+3 0 3941
+2 0 3941
+2 0 3941
+5 0 3941
+3 0 3941
cfn=(0)
calls=3941 0xec7a0 0 
* 0 43351
+5 0 3941
+2 0 3941
+2 0 3941
+4 0 3941
+5 0 3941
+5 0 3941
+2 0 3941
+3 0 3941
+2 0 3941
+5 0 3941
+2 0 3941
cfn=(280)
calls=3941 0xc45b0 0 
* 0 4801842
+5 0 3941
+8 0 3941
+9 0 3941
+2 0 3941
+7 0 3941
+1 0 3941
+2 0 3941

fn=(374)
0x3d310 0 3
+4 0 3
+2 0 3
+5 0 3
+2 0 3
+2 0 3
+2 0 3
+2 0 3
+1 0 3
+3 0 3
+1 0 3
+4 0 3
+7 0 3
+7 0 3
+12 0 3
+5 0 3
+25 0 3
+7 0 3
+3 0 3
+6 0 3
+4 0 3
+4 0 3
+4 0 3
+5 0 3
+3 0 3
+2 0 3
0x3d460 0 3
+3 0 3
+3 0 3
+6 0 3
+7 0 3
+3 0 3
+2 0 3
+8 0 3
+4 0 3
+4 0 3
+4 0 3
+5 0 3
+3 0 3
+2 0 3
+46 0 3
+3 0 3
+3 0 3
+2 0 3
+3 0 3
+2 0 3
+3 0 3
cfn=(376)
calls=3 0x1098f0 0 
* 0 48
+5 0 3
+7 0 3
+11 0 3
+4 0 3
+25 0 3
+4 0 3
+1 0 3
+1 0 3
+2 0 3
+2 0 3
+2 0 3
+2 0 3

fn=(420)
0x818a0 0 1
+4 0 1
+2 0 1
+2 0 1
+2 0 1
+2 0 1
+2 0 1
+1 0 1
+1 0 1
+4 0 1
+9 0 1
+5 0 1
+2 0 1
cfn=(422)
calls=1 0x81590 0 
* 0 115
+5 0 1
+7 0 1
+3 0 1
+3 0 1
+42 0 1
+9 0 1
+7 0 1
+2 0 1
+5 0 1
+2 0 1
+7 0 1
+14 0 1
+7 0 1
+28 0 1
+7 0 1
+6 0 1
+7 0 1
+3 0 1
+6 0 1
+3 0 1
+6 0 1
+7 0 1
+7 0 1
+9 0 1
+3 0 1
+4 0 1
+11 0 3
+11 0 3
+4 0 3
+3 0 3
+6 0 3
+3 0 3
+3 0 3
+2 0 2
+7 0 2
+2 0 2
0x81ac0 0 1
+6 0 1
+3 0 1
+6 0 1
+2 0 1
+2 0 1
+11 0 1
+7 0 1
+13 0 1
+6 0 1
+28 0 1
+3 0 1
+2 0 1
+5 0 1
+9 0 1
+6 0 1
+4 0 1
+3 0 1
+1 0 1
+1 0 1
+2 0 1
+2 0 1
+2 0 1
+2 0 1
+18 0 1
+9 0 1
+7 0 1
+5 0 1

fn=(44)
0x334e0 0 631969
+4 0 631969
+7 0 631969
+9 0 631969

fn=(62)
0x15e650 0 682792
+4 0 682792
+2 0 682792
+4 0 682792
+5 0 682792
+5 0 682792
+3 0 682792
+3 0 682792
+2 0 267671
+4 0 267671
+5 0 267671
+5 0 267671
+4 0 267671
+4 0 267671
+2 0 267671
+6 0 170925
+4 0 170925
+3 0 170925
+4 0 170925
+11 0 415121
+3 0 415121
+4 0 415121
+4 0 415121
+5 0 415121
+5 0 415121
+4 0 415121
+4 0 415121
+2 0 415121
+2 0 415121
+2 0 305729
+4 0 305729
+3 0 305729
+2 0 305729
+4 0 305729
+3 0 305729
+4 0 305729
+3 0 305729
+6 0 109392
+4 0 109392
+4 0 109392
+5 0 109392
+5 0 109392
+4 0 109392
+4 0 109392
+2 0 109392
-24 0 170925
+4 0 170925
+5 0 170925
+5 0 170925
+4 0 170925
+4 0 170925
+2 0 170925
+6 0 47859
+5 0 47859
+5 0 47859
+5 0 47859
+4 0 47859
+4 0 47859
+2 0 47859
0x15e7e0 0 329204
+4 0 329204
+2 0 329204
+4 0 329204
+3 0 329204
+4 0 329204
+3 0 329204
+12 0 47859
+4 0 47859
+2 0 47859
+5 0 47859
+3 0 47859
+4 0 47859
+3 0 47859

fn=(126)
0xc5b80 0 25412
+4 0 25412
+2 0 25412
+5 0 25412
+2 0 25412
+2 0 25412
+1 0 25412
+1 0 25412
+2 0 25412
+4 0 25412
+9 0 25412
+5 0 25412
+2 0 25412
+7 0 25412
+14 0 25412
+7 0 25412
+28 0 25412
+7 0 25412
+7 0 25412
+3 0 25412
+6 0 25412
+3 0 25412
+7 0 25412
+59 0 25412
+3 0 25412
+3 0 25412
+3 0 25412
+2 0 25412
cfn=(128) getgrgid_r@@GLIBC_2.2.5
calls=25412 0xc6400 0 
* 0 268658844
+5 0 25412
+3 0 25412
+2 0 25412
+8 0 25412
+2 0 25412
+7 0 25412
+13 0 25412
+6 0 25412
+28 0 25412
+5 0 25412
+9 0 25412
+4 0 25412
+2 0 25412
+4 0 25412
+1 0 25412
+1 0 25412
+2 0 25412
+2 0 25412
+2 0 25412

fn=(146) _IO_old_init
0x811f0 0 50823
+4 0 50823
+6 0 50823
+6 0 50823
+7 0 50823
+2 0 50823
+2 0 50823
+9 0 50823
+2 0 50823
+8 0 50823
+7 0 50823
+7 0 50823
+8 0 50823
+8 0 50823
+8 0 50823
+8 0 50823
+8 0 50823
+8 0 50823
+8 0 50823
+8 0 50823
+8 0 50823
+8 0 50823
+8 0 50823
+8 0 50823
+3 0 50823
+2 0 50823
+7 0 50823
+8 0 50823

fn=(148)
0x7f160 0 50823
+4 0 50823
+6 0 50823
+1 0 50823
+3 0 50823
+11 0 50823
cfn=(150)
calls=50823 0x80390 0 
* 0 4167486
+5 0 50823
+7 0 50823
+1 0 50823

fn=(246)
0xec800 0 72371
+4 0 72371
+3 0 72371
+3 0 72371
+3 0 72371
+4 0 72371
+2 0 72371
+5 0 72371
+2 0 72371
+6 0 72371
+2 0 72371

fn=(282)
0x83940 0 4413
+2 0 4413
+4 0 4413
+2 0 4413
+2 0 4413
+4 0 4413
+2 0 4413
+3 0 4413
+1 0 4413
+1 0 4413
+4 0 4413
+7 0 4413
+5 0 4413
+2 0 4413
+4 0 4413
+3 0 4413
-9 0 39717
+2 0 39717
+4 0 39717
+3 0 39717
+2 0 44130
+4 0 44130
+5 0 44130
+2 0 4413
+4 0 4413
+1 0 4413
+1 0 4413
+2 0 4413
+2 0 4413
+2 0 4413
+2 0 4413
+7 0 47440
+6 0 47440
+6 0 24908
+5 0 24908
+5 0 24908
+5 0 24908
+4 0 24908
+7 0 24908
-21 0 22532
+5 0 22532
+5 0 22532
+4 0 22532
+7 0 22532
+2 0 7252
+8 0 7252
+8 0 7252
+5 0 7252
+3 0 7252
+4 0 7252
+4 0 7252
+4 0 7252
+4 0 7252
+4 0 7252
+3 0 7252
-31 0 40188
+5 0 40188
+3 0 40188
+4 0 40188
+4 0 40188
+4 0 40188
+4 0 40188
+4 0 40188
+3 0 40188
-3 0 39
+3 0 39
+2 0 40608
+3 0 40608
+4 0 40608
+2 0 40608
+3 0 40608
+3 0 40608
+5 0 40608
+3 0 40608
-20 0 6871
+4 0 6871
+2 0 6871
+3 0 6871
+3 0 6871
+5 0 6871
+3 0 6871
+6 0 47479
+3 0 47479
+4 0 47479
+4 0 47479
+4 0 47479
+4 0 47479
+4 0 47479
+2 0 47479
+2 0 11469
+3 0 11469
+3 0 11469
+3 0 11469
+4 0 11469
+4 0 11469
+3 0 11469
+2 0 11469
+3 0 11469
+4 0 11469
cfn=(10)
calls=11469 0x83870 0 
* 0 211047
+5 0 11469
+4 0 11469
+5 0 11469
-5 0 36010
+5 0 36010
+6 0 39
+3 0 39
+4 0 39
+4 0 39
+5 0 39
+6 0 22532
+3 0 22532
+4 0 22532
+3 0 22532
cfn=(10)
calls=22532 0x83870 0 
* 0 424255
+5 0 22532
+4 0 22532

fn=(286)
0xc49b0 0 54850
+4 0 54850
+2 0 54850
+5 0 54850
+2 0 54850
+2 0 54850
+1 0 54850
+1 0 54850
+3 0 54850
+4 0 54850
+7 0 54850
+5 0 54850
+7 0 54850
+11 0 54850
+4 0 54850
+25 0 54850
+4 0 54850
+4 0 54850
+5 0 50905
+3 0 50905
+5 0 50905
+3 0 50905
+4 0 50905
+4 0 50905
+4 0 50905
+4 0 50905
+2 0 54850
+4 0 54850
+4 0 54850
+2 0 7886
+4 0 7886
+2 0 7886
+3 0 7886
cfn=(288)
calls=7886 0xc4970 0 
* 0 47316
+5 0 7886
+3 0 7886
+2 0 3941
+4 0 3941
+6 0 3941
+2 0 3941
+10 0 3945
+2 0 3945
+5 0 3945
+3 0 3945
+7 0 3945
-7 0 50905
+7 0 50905
+10 0 54850
+3 0 54850
+25 0 54850
+4 0 54850
+3 0 54850
+1 0 54850
+1 0 54850
+2 0 54850
+2 0 54850

fn=(0)
0xec7a0 0 54764
+4 0 54764
+3 0 54764
+2 0 54764
+3 0 54764
+4 0 54764
+2 0 54764
+5 0 54764
+2 0 54765
+6 0 54765
+2 0 54765

fn=(14)
0x80c60 0 50823
+4 0 50823
+5 0 50823
+7 0 50823
+2 0 50823
+1 0 50823
+1 0 50823
+2 0 50823
+3 0 50823
+2 0 50823
+12 0 50823
+7 0 50823
+7 0 50823
+7 0 50823
+3 0 50823
+3 0 50823
+3 0 50823
+3 0 50823
+2 0 50823
+3 0 50823
cfn=(2)
calls=50823 0x726a0 0 
* 0 25285513
cfn=(2)
calls=1 0x72769 0 
+2 0 381
+3 0 50824
+3 0 50824
+44 0 50824
+1 0 50824
+1 0 50824
+2 0 50824

fn=(128)
0xc6400 0 25412
+4 0 25412
+2 0 25412
+2 0 25412
+3 0 25412
+2 0 25412
+3 0 25412
+2 0 25412
+3 0 25412
+1 0 25412
+3 0 25412
+1 0 25412
+7 0 25412
+5 0 25412
+9 0 25412
+5 0 25412
+2 0 25412
+6 0 25412
+9 0 25412
+2 0 25412
+6 0 25412
+3 0 25412
+3 0 25412
+6 0 25158
+6 0 25158
+7 0 25158
-7 0 254
+7 0 254
+6 0 25412
+7 0 25412
+4 0 25412
+9 0 25412
+5 0 25412
+7 0 25412
+4 0 25412
+9 0 25412
+4 0 25412
+5 0 25412
+3 0 25412
+3 0 25412
+4 0 25412
+4 0 25412
+2 0 25412
+6 0 25412
+7 0 25412
+2 0 25412
+9 0 25412
+5 0 25412
+9 0 25412
+5 0 25412
+11 0 25412
+2 0 25412
0xc6588 0 25412
+3 0 25412
+2 0 25412
+5 0 25412
+3 0 25412
+5 0 25412
+7 0 25412
cfn=(106)
calls=25412 0x11eb70 0 
* 0 711536
+5 0 25412
+2 0 25412
+6 0 25412
+5 0 25412
cfn=(130)
calls=25412 0x136860 0 
* 0 152472
+5 0 25412
+5 0 25412
+3 0 25412
+3 0 25412
+3 0 25412
+3 0 25412
cob=(3)
cfi=(3)
cfn=(132)
calls=25412 0x68a0 0 
* 0 264951376
+4 0 25412
+3 0 25412
+3 0 25412
0xc6640 0 254
+10 0 254
+7 0 254
+6 0 254
+5 0 254
+3 0 254
+3 0 254
+3 0 254
+3 0 254
cfn=(334)
calls=254 0x130770 0 
* 0 70758
+5 0 254
+4 0 254
+2 0 254
+13 0 25412
+5 0 25412
+9 0 25412
+6 0 25412
+4 0 25412
+7 0 25412
+1 0 25412
+1 0 25412
+2 0 25412
+2 0 25412
+2 0 25412
+2 0 25412
+7 0 25412
+5 0 25412
+3 0 25412
+2 0 25412
+5 0 25412
0xc6740 0 25412
+5 0 25412
cob=(4)
cfi=(2)
cfn=(94)
calls=25412 0x4893330 0 
* 0 304944
+5 0 25412
+5 0 25412
+4 0 25412
0xc6818 0 25412
+3 0 25412
+4 0 25412
+5 0 25412
+3 0 25412

fn=(144)
0x812b0 0 50823
+4 0 50823
+2 0 50823
+3 0 50823
+2 0 50823
+3 0 50823
+1 0 50823
+3 0 50823
+1 0 50823
+3 0 50823
+4 0 50823
cfn=(146)
calls=50823 0x811f0 0 
* 0 1423044
+5 0 50823
+7 0 50823
+3 0 50823
+6 0 50823
+7 0 50823
+8 0 50823
+8 0 50823
+8 0 50823
+7 0 50823
+8 0 50823
+8 0 50823
+8 0 50823
+8 0 50823
+8 0 50823
+8 0 50823
+8 0 50823
+7 0 50823
+11 0 50823
+4 0 50823
+1 0 50823
+1 0 50823
+2 0 50823
+2 0 50823

fn=(332)
0xfd130 0 508
+4 0 508
+7 0 508
+2 0 508
+2 0 508
+2 0 508
+5 0 508
+2 0 508
+6 0 508
+82 0 508
+7 0 508
+2 0 508
+3 0 508
+5 0 508

fn=(342)
0xf3150 0 133
+4 0 133
+2 0 133
+1 0 133
+7 0 133
+1 0 133
+3 0 133
+4 0 133
+3 0 133
+2 0 133
+6 0 133
+2 0 133
+2 0 133
+3 0 133
+2 0 51
+2 0 10
+3 0 10
+3 0 10
+3 0 10
+2 0 10
+23 0 82
+3 0 82
+1 0 82
+1 0 82
+2 0 82
+35 0 41
+3 0 41
+3 0 41
+3 0 41
+3 0 41
+2 0 41
+2 0 51
+4 0 51
cfn=(344)
calls=51 0xf30f0 0 
* 0 561
+5 0 51
+2 0 51
+2 0 51
+3 0 51
+1 0 51
+1 0 51
+2 0 51

ob=(6) /usr/lib/valgrind/vgpreload_core-amd64-linux.so
fl=(6) ???
fn=(388) 0x00000000000010c0
0x10c0 0 1
+4 0 1
+7 0 1
+2 0 1
+1 0 1
+8 0 1
+3 0 1
+2 0 1
+7 0 1
cob=(1)
cfi=(1)
cfn=(374)
calls=1 0x3d310 0 
* 0 75
+6 0 1
cfn=(396) 0x0000000000001050
calls=1 0x1050 0 
* 0 5
+5 0 1
+7 0 1
+1 0 1

fn=(396)
0x1050 0 1
+7 0 1
+7 0 1
+3 0 1
+23 0 1

ob=(5)
fl=(5)
fn=(360) _dl_sort_maps
0x16f70 0 1
+4 0 1
+1 0 1
+3 0 1
+2 0 1
+2 0 1
+2 0 1
+2 0 1
+1 0 1
+4 0 1
+4 0 1
+3 0 1
+7 0 1
+3 0 1
+3 0 1
+6 0 1
+2 0 1
+3 0 1
+2 0 1
+3 0 1
+3 0 1
+3 0 1
+7 0 1
+6 0 1
+4 0 1
+4 0 1
+4 0 1
+3 0 1
+3 0 1
+4 0 1
cfn=(362) memset
calls=1 0x20b60 0 
* 0 14
+5 0 1
+4 0 1
+3 0 1
+3 0 1
+3 0 1
+3 0 1
+4 0 1
+4 0 1
+2 0 1
+7 0 1
+3 0 1
+5 0 1
+4 0 1
+4 0 1
+4 0 1
+3 0 1
+4 0 1
+4 0 1
+4 0 1
+4 0 1
+4 0 1
+3 0 1
-38 0 5
+4 0 5
+4 0 5
+4 0 5
+3 0 5
+4 0 5
+4 0 5
+4 0 5
+4 0 5
+4 0 5
+3 0 5
+6 0 6
+4 0 6
+2 0 5
+4 0 5
+7 0 5
+5 0 5
+4 0 5
+3 0 5
+7 0 5
+3 0 5
-17 0 3
+4 0 3
+3 0 3
+7 0 3
+3 0 3
+2 0 6
+3 0 6
+6 0 6
+4 0 6
+4 0 6
+3 0 6
+2 0 4
+4 0 4
+6 0 3
+4 0 3
+3 0 3
+4 0 3
+8 0 14
+3 0 14
+3 0 14
+2 0 11
+4 0 11
+3 0 11
+2 0 2
+3 0 2
+4 0 2
+3 0 2
+4 0 2
+3 0 2
+4 0 2
+8 0 2
+4 0 2
+3 0 2
+4 0 2
+4 0 2
cfn=(364) memcpy
calls=2 0x20970 0 
* 0 22
+5 0 2
+4 0 2
+3 0 2
+4 0 2
+7 0 2
+4 0 2
+4 0 2
+4 0 2
+3 0 2
+62 0 2
+4 0 2
+5 0 2
+4 0 2
+3 0 2
+3 0 2
+2 0 2
+2 0 3
+3 0 3
+2 0 3
+3 0 3
+3 0 3
+3 0 3
cfn=(362)
calls=3 0x20b60 0 
* 0 50
+5 0 3
+3 0 3
+4 0 3
+6 0 2
+3 0 2
+4 0 2
+3 0 2
+4 0 2
+3 0 2
cfn=(364)
calls=2 0x20970 0 
* 0 26
+5 0 2
+3 0 2
+4 0 2
+4 0 2
+4 0 2
+4 0 2
+7 0 6
+7 0 6
+3 0 6
0x17200 0 6
+4 0 6
+6 0 6
+7 0 6
+16 0 1
+7 0 1
+4 0 1
+1 0 1
+2 0 1
+2 0 1
+2 0 1
+2 0 1
+1 0 1

fn=(362)
0x20b60 0 4
+4 0 4
+4 0 4
+3 0 4
+4 0 4
+4 0 4
+5 0 4
+4 0 4
0x20c0c 0 4
+5 0 4
+3 0 4
+2 0 3
+3 0 3
+2 0 1
+3 0 1
+7 0 1
+5 0 1
+3 0 1
+1 0 2
+4 0 2
+2 0 2
+1 0 1
+5 0 1
+3 0 1

fn=(366) rtld_lock_default_unlock_recursive
0x2160 0 1
+4 0 1
+4 0 1

fn=(364)
0x20970 0 4
+4 0 4
+3 0 4
+4 0 4
+2 0 2
+4 0 2
+2 0 2
+3 0 2
+5 0 2
+3 0 2
+5 0 2
+1 0 2
+3 0 2
+2 0 2
+3 0 2
+32 0 2
+4 0 2
+2 0 2
+4 0 2
+2 0 2

fn=(358) rtld_lock_default_lock_recursive
0x2150 0 1
+4 0 1
+4 0 1

fn=(356)
0x10960 0 1
+4 0 1
+1 0 1
+3 0 1
+2 0 1
+2 0 1
+2 0 1
+2 0 1
+1 0 1
+4 0 1
+7 0 1
+4 0 1
+6 0 1
+7 0 1
+4 0 1
+7 0 1
+4 0 1
+3 0 1
+22 0 1
+4 0 1
+7 0 1
+4 0 1
+6 0 1
+7 0 1
cfn=(358)
calls=1 0x2150 0 
* 0 3
+6 0 1
+3 0 1
+2 0 1
+2 0 1
+3 0 1
+7 0 1
+3 0 1
+3 0 1
+3 0 1
+2 0 1
+2 0 1
+4 0 1
+3 0 1
+8 0 1
+4 0 1
+4 0 1
+3 0 1
+3 0 1
+15 0 5
+4 0 5
+2 0 5
+3 0 5
+6 0 5
+3 0 5
+5 0 5
+7 0 5
+4 0 5
+7 0 5
+4 0 5
+3 0 5
+2 0 1
+3 0 1
+3 0 1
+3 0 1
+2 0 1
+2 0 1
+6 0 1
+3 0 1
+3 0 1
+2 0 1
+32 0 1
+2 0 1
+5 0 1
cfn=(360)
calls=1 0x16f70 0 
* 0 575
+5 0 1
+7 0 1
cfn=(366)
calls=1 0x2160 0 
* 0 3
+6 0 1
+3 0 1
+6 0 1
+4 0 1
+5 0 1
+4 0 1
+3 0 1
+4 0 1
+8 0 1
+2 0 1
-14 0 4
+4 0 4
+8 0 4
+2 0 4
+6 0 5
+3 0 5
+7 0 5
+7 0 5
+3 0 5
+6 0 3
+7 0 3
+6 0 3
+4 0 3
+7 0 3
+3 0 3
+4 0 3
+3 0 3
+4 0 3
+4 0 3
+3 0 3
+4 0 3
+2 0 3
+2 0 3
+5 0 3
cob=(3)
cfi=(3)
cfn=(404)
calls=1 0x3620 0 
* 0 93
cob=(6)
cfi=(6)
cfn=(388)
calls=1 0x10c0 0 
* 0 93
cob=(2)
cfi=(4)
cfn=(368)
calls=1 0x11a0 0 
* 0 93
+3 0 3
+3 0 3
+4 0 3
+4 0 3
+2 0 3
+7 0 3
+3 0 3
+2 0 3
+4 0 3
+3 0 3
cob=(4)
cfi=(2)
cfn=(418)
calls=1 0x4a3a90c 0 
* 0 4
cob=(4)
cfi=(2)
cfn=(402)
calls=1 0x482e288 0 
* 0 4
cob=(4)
cfi=(2)
cfn=(386)
calls=1 0x10c2b4 0 
* 0 4
+2 0 5
+3 0 5
+2 0 5
+2 0 5
+6 0 5
+2 0 5
+6 0 5
+8 0 5
+4 0 5
+4 0 5
+6 0 1
+4 0 1
+12 0 2
+7 0 2
+3 0 2
+94 0 1
+3 0 1
+3 0 1
+4 0 1
+2 0 1
+3 0 1
+4 0 1
+13 0 1
+3 0 1
+2 0 1
+2 0 1
+6 0 1
+2 0 1
+2 0 1
+7 0 1
+2 0 1
+4 0 1
+1 0 1
+2 0 1
+2 0 1
+2 0 1
+2 0 1
+1 0 1

totals: 1033686391
