# callgrind format
version: 1
creator: callgrind-3.14.0
pid: 11385
cmd:  ./ft_ls -lRraF ../../../Desktop
part: 1


desc: I1 cache: 
desc: D1 cache: 
desc: LL cache: 

desc: Timerange: Basic block 0 - 225480886
desc: Trigger: Program termination

positions: instr line
events: Ir
summary: 1052421688


ob=(4) ???
fl=(3) ???
fn=(384) 0x000000000010c2b4
0x10c2b4 0 1
+4 0 1
+4 0 1
+4 0 1

fn=(400) 0x000000000482e288
0x482e288 0 1
+4 0 1
+4 0 1
+4 0 1

fn=(60) 0x0000000004893470
0x4893470 0 686837
+4 0 686837
cob=(2) /usr/lib/libc-2.29.so
cfi=(1) ???
cfn=(62) __strchr_avx2
calls=686837 0x15e650 0 
* 0 19755874

fn=(214) 0x0000000004a34580
0x4a34580 0 416132
+4 0 416132
cob=(2)
cfi=(1)
cfn=(216) _nss_files_parse_grent
calls=416132 0xc6d60 0 
* 0 148438109

fn=(72) 0x0000000004a34530
0x4a34530 0 633991
+4 0 633991
cob=(2)
cfi=(1)
cfn=(74) __libc_readline_unlocked
calls=633991 0x7d2d0 0 
* 0 100927216

fn=(40) 0x0000000004893310
0x4893310 0 109753
+4 0 109753
cob=(2)
cfi=(1)
cfn=(42) malloc
calls=109753 0x875d0 0 
* 0 27842696

fn=(110) 0x0000000004893420
0x4893420 0 633991
+4 0 633991
cob=(2)
cfi=(1)
cfn=(112) __memchr_avx2
calls=633991 0x15aaa0 0 
* 0 16210859

fn=(124) 0x0000000004a345a0
0x4a345a0 0 633991
+4 0 633991
cob=(2)
cfi=(1)
cfn=(126) __ctype_b_loc
calls=633991 0x334e0 0 
* 0 2535964

fn=(114) 0x00000000048934c0
0x48934c0 0 633991
+4 0 633991
cob=(2)
cfi=(1)
cfn=(116) __memcpy_avx_unaligned_erms
calls=633991 0x161c50 0 
* 0 8223222

fn=(154) 0x0000000004a34390
0x4a34390 0 52846
+4 0 52846
cob=(2)
cfi=(1)
cfn=(156) fclose@@GLIBC_2.2.5
calls=52846 0x72800 0 
* 0 28440520

fn=(218) 0x0000000004893460
0x4893460 0 416132
+4 0 416132
cob=(2)
cfi=(1)
cfn=(220) __strlen_avx2
calls=416132 0x15ec40 0 
* 0 8787556

fn=(34) 0x0000000004a344f0
0x4a344f0 0 52846
+4 0 52846
cob=(2)
cfi=(1)
cfn=(36) fopen@@GLIBC_2.2.5
calls=52846 0x73240 0 
* 0 25207542

fn=(170) 0x0000000004893330
0x4893330 0 162603
+4 0 162603
cob=(2)
cfi=(1)
cfn=(16) free
calls=162603 0x87c70 0 
* 0 13388530

fn=(138) 0x0000000004a34380
0x4a34380 0 217859
+4 0 217859
cob=(2)
cfi=(1)
cfn=(140) _nss_files_parse_pwent
calls=217859 0xc8a00 0 
* 0 127328148

fn=(416) 0x0000000004a3a90c
0x4a3a90c 0 1
+4 0 1
+4 0 1
+4 0 1

ob=(3) /usr/lib/libnss_files-2.29.so
fl=(4) ???
fn=(68) 0x0000000000006960
0x6960 0 217859
+2 0 217859
+3 0 217859
+2 0 217859
+3 0 217859
+2 0 217859
+3 0 217859
+2 0 217859
+3 0 217859
+1 0 217859
+3 0 217859
+1 0 217859
+4 0 217859
+5 0 217859
+4 0 217859
+6 0 217859
+4 0 217859
+3 0 217859
+3 0 217859
+3 0 217859
cob=(4)
cfi=(3)
cfn=(72)
calls=217859 0x4a34530 0 
* 0 43291377
+5 0 217859
+3 0 217859
+3 0 217859
+2 0 217859
+2 0 217859
cob=(4)
cfi=(3)
cfn=(124)
calls=217859 0x4a345a0 0 
* 0 1307154
+5 0 217859
+3 0 217859
+3 0 217859
+9 0 217859
+4 0 217859
+5 0 217859
+2 0 217859
+2 0 217859
+2 0 217859
+3 0 217859
+2 0 217859
+5 0 217859
+3 0 217859
+3 0 217859
+3 0 217859
+8 0 217859
cob=(4)
cfi=(3)
cfn=(138)
calls=217859 0x4a34380 0 
* 0 127763866
+5 0 217859
+3 0 217859
+2 0 217859
+2 0 217859
+2 0 217859
+6 0 217859
+27 0 217859
+4 0 217859
+3 0 217859
+1 0 217859
+1 0 217859
+2 0 217859
+2 0 217859
+2 0 217859
+2 0 217859

fn=(194) 0x00000000000064e0
0x64e0 0 416132
+2 0 416132
+3 0 416132
+2 0 416132
+3 0 416132
+2 0 416132
+3 0 416132
+2 0 416132
+3 0 416132
+1 0 416132
+3 0 416132
+1 0 416132
+4 0 416132
+5 0 416132
+4 0 416132
+6 0 416132
+4 0 416132
+3 0 416132
+3 0 416132
+3 0 416132
cob=(4)
cfi=(3)
cfn=(72)
calls=416132 0x4a34530 0 
* 0 58903821
+5 0 416132
+3 0 416132
+3 0 416132
+2 0 416132
+2 0 416132
cob=(4)
cfi=(3)
cfn=(124)
calls=416132 0x4a345a0 0 
* 0 2496792
+5 0 416132
+3 0 416132
+3 0 416132
+9 0 416132
+4 0 416132
+5 0 416132
+2 0 416132
+2 0 416132
+2 0 416132
+3 0 416132
+2 0 416132
+5 0 416132
+3 0 416132
+3 0 416132
+3 0 416132
+8 0 416132
cob=(4)
cfi=(3)
cfn=(214)
calls=416132 0x4a34580 0 
* 0 149270373
+5 0 416132
+3 0 416132
+2 0 416132
+2 0 416132
+2 0 416132
+6 0 416132
+27 0 416132
+4 0 416132
+3 0 416132
+1 0 416132
+1 0 416132
+2 0 416132
+2 0 416132
+2 0 416132
+2 0 416132

fn=(28) _nss_files_getpwuid_r
0x6d20 0 26423
+4 0 26423
+2 0 26423
+3 0 26423
+2 0 26423
+3 0 26423
+2 0 26423
+3 0 26423
+2 0 26423
+1 0 26423
+3 0 26423
+1 0 26423
+3 0 26423
+4 0 26423
+9 0 26423
+5 0 26423
+2 0 26423
+3 0 26423
+8 0 26423
cfn=(30) 0x0000000000006a90
calls=26423 0x6a90 0 
* 0 13052962
+5 0 26423
+3 0 26423
+3 0 26423
+2 0 26423
+5 0 26423
+9 0 26423
+2 0 26423
+4 0 26423
+3 0 26423
+1 0 26423
+1 0 26423
+2 0 26423
+2 0 26423
+2 0 26423
+2 0 26423
+6 0 26423
+3 0 26423
+3 0 26423
+3 0 26423
+2 0 26423
+2 0 217859
+4 0 217859
+3 0 217859
+3 0 217859
+3 0 217859
+3 0 217859
cfn=(68)
calls=217859 0x6960 0 
* 0 184562501
+5 0 217859
+3 0 217859
+3 0 217859
+2 0 217859
+4 0 217859
+2 0 26423
+8 0 26423
+4 0 26423
+3 0 26423
+2 0 26423
cob=(4)
cfi=(3)
cfn=(154)
calls=26423 0x4a34390 0 
* 0 14273106
+5 0 26423

fn=(184) _nss_files_getgrgid_r
0x68a0 0 26423
+4 0 26423
+2 0 26423
+3 0 26423
+2 0 26423
+3 0 26423
+2 0 26423
+3 0 26423
+2 0 26423
+1 0 26423
+3 0 26423
+1 0 26423
+3 0 26423
+4 0 26423
+9 0 26423
+5 0 26423
+2 0 26423
+3 0 26423
+8 0 26423
cfn=(186) 0x0000000000006610
calls=26423 0x6610 0 
* 0 13052962
+5 0 26423
+3 0 26423
+3 0 26423
+2 0 26423
+5 0 26423
+9 0 26423
+2 0 26423
+4 0 26423
+3 0 26423
+1 0 26423
+1 0 26423
+2 0 26423
+2 0 26423
+2 0 26423
+2 0 26423
+6 0 26423
+3 0 26423
+3 0 26423
+3 0 26423
+2 0 26423
+2 0 416132
+4 0 416132
+3 0 416132
+3 0 416132
+3 0 416132
+3 0 416132
cfn=(194)
calls=416132 0x64e0 0 
* 0 233974378
+5 0 416132
+3 0 416132
+3 0 416132
+2 0 416132
+4 0 416132
+2 0 26423
+8 0 26423
+4 0 26423
+3 0 26423
+2 0 26423
cob=(4)
cfi=(3)
cfn=(154)
calls=26423 0x4a34390 0 
* 0 14273106
+5 0 26423

fn=(402) 0x0000000000003620
0x3620 0 1
+4 0 1
+7 0 1
+2 0 1
+1 0 1
+8 0 1
+3 0 1
+2 0 1
+7 0 1
cob=(2)
cfi=(1)
cfn=(372) __cxa_finalize
calls=1 0x3d310 0 
* 0 75
+6 0 1
cfn=(410) 0x00000000000035b0
calls=1 0x35b0 0 
* 0 5
+5 0 1
+7 0 1
+1 0 1

fn=(410)
0x35b0 0 1
+7 0 1
+7 0 1
+3 0 1
+23 0 1

fn=(186)
0x6610 0 26423
+1 0 26423
+3 0 26423
+3 0 26423
+3 0 26423
+12 0 26423
+1 0 26423
+9 0 26423
+7 0 26423
+7 0 26423
cob=(4)
cfi=(3)
cfn=(34)
calls=26423 0x4a344f0 0 
* 0 12656617
+5 0 26423
+3 0 26423
+3 0 26423
+5 0 26423
+3 0 26423

fn=(30)
0x6a90 0 26423
+1 0 26423
+3 0 26423
+3 0 26423
+3 0 26423
+12 0 26423
+1 0 26423
+9 0 26423
+7 0 26423
+7 0 26423
cob=(4)
cfi=(3)
cfn=(34)
calls=26423 0x4a344f0 0 
* 0 12656617
+5 0 26423
+3 0 26423
+3 0 26423
+5 0 26423
+3 0 26423

ob=(2)
fl=(1)
fn=(38) __fopen_internal
0x73140 0 52846
+4 0 52846
+2 0 52846
+3 0 52846
+2 0 52846
+2 0 52846
+3 0 52846
+1 0 52846
+3 0 52846
+5 0 52846
+1 0 52846
cob=(4)
cfi=(3)
cfn=(40)
calls=52846 0x4893310 0 
* 0 2642300
+5 0 52846
+3 0 52846
+6 0 52846
+3 0 52846
+7 0 52846
+2 0 52846
+2 0 52846
+7 0 52846
+7 0 52846
+3 0 52846
+3 0 52846
+7 0 52846
cfn=(44) _IO_no_init
calls=52846 0x812b0 0 
* 0 3276452
+5 0 52846
+7 0 52846
+3 0 52846
+7 0 52846
cfn=(48) _IO_new_file_init_internal
calls=52846 0x7f160 0 
* 0 4808986
+5 0 52846
+3 0 52846
+3 0 52846
+3 0 52846
+3 0 52846
cfn=(52) _IO_file_fopen@@GLIBC_2.2.5
calls=52846 0x7f510 0 
* 0 12048888
+5 0 52846
+3 0 52846
+2 0 52846
+4 0 52846
+54 0 52846
+1 0 52846
+3 0 52846
+1 0 52846
+2 0 52846
+2 0 52846
+2 0 52846

fn=(258) _lxstat
0xec800 0 75338
+4 0 75338
+3 0 75338
+3 0 75338
+3 0 75338
+4 0 75338
+2 0 75338
+5 0 75338
+2 0 75338
+6 0 75338
+2 0 75338

fn=(346) (below main)
cob=(1) /home/emptycee/Desktop/ft_ls_git/ft_ls_/ft_ls
cfi=(2) ???
cfn=(344) main
calls=1 0x2629 0 
0x26ee2 0 1052420152
0x26ee3 0 1
+2 0 1
cfn=(348) exit
calls=1 0x3cf90 0 
* 0 1534

fn=(350) __run_exit_handlers
0x3cd30 0 1
+4 0 1
+2 0 1
+2 0 1
+2 0 1
+2 0 1
+3 0 1
+1 0 1
+2 0 1
+1 0 1
+4 0 1
+4 0 1
+2 0 1
+6 0 1
+7 0 1
+5 0 1
+1 0 1
+2 0 1
+2 0 1
+7 0 1
-11 0 1
+2 0 1
+2 0 1
+7 0 1
+11 0 2
+4 0 2
+24 0 2
+4 0 2
+3 0 2
+2 0 1
+15 0 1
+2 0 1
+2 0 1
+7 0 1
+11 0 1
+4 0 1
+24 0 1
+7 0 1
+6 0 2
+4 0 2
+3 0 2
+6 0 1
+4 0 1
+7 0 1
+4 0 1
+7 0 1
+10 0 1
+3 0 1
+24 0 1
+3 0 1
+4 0 1
+3 0 1
+4 0 1
+4 0 1
+2 0 1
+4 0 1
+6 0 1
+4 0 1
+4 0 1
+8 0 1
+2 0 1
+4 0 1
+9 0 1
cob=(5) /usr/lib/ld-2.29.so
cfi=(5) ???
cfn=(354) _dl_fini
calls=1 0x10960 0 
* 0 1196
+2 0 1
+77 0 1
+7 0 1
+7 0 1
+10 0 1
+3 0 1
+24 0 1
+5 0 1
+2 0 1
+7 0 1
+7 0 1
+3 0 1
+2 0 1
+7 0 1
+3 0 1
+4 0 1
+5 0 1
+3 0 1
cfn=(418) _IO_cleanup
calls=1 0x818a0 0 
* 0 209
+2 0 1
+4 0 1
+3 0 1
+2 0 1
+2 0 1
cfn=(422) _Exit
calls=1 0xc9600 0 
* 0 6
+11 0 1
+3 0 1
+4 0 1
+3 0 1
+10 0 1
+7 0 1
+10 0 1
+3 0 1
+24 0 1
+5 0 1
cfn=(352) __call_tls_dtors
calls=1 0x3d630 0 
* 0 12
+5 0 1

fn=(94) _IO_file_stat
0x7e960 0 52846
+4 0 52846
+3 0 52846
+3 0 52846
+5 0 52846
cfn=(96) _fxstat
calls=52846 0xec7a0 0 
* 0 581306

fn=(164) _IO_unsave_markers
0x82050 0 52846
+4 0 52846
+5 0 52846
+10 0 52846
+5 0 52846
+8 0 52846

fn=(324) open_socket
0x132c50 0 530
+1 0 530
+3 0 530
+2 0 530
+2 0 530
+3 0 530
+2 0 530
+2 0 530
+3 0 530
+5 0 530
+2 0 530
+1 0 530
+7 0 530
+6 0 530
+5 0 530
+9 0 530
+4 0 530
+2 0 530
cfn=(326) socket
calls=530 0xfd760 0 
* 0 3180
+5 0 530
+2 0 530
+6 0 530
+3 0 530
+4 0 530
+5 0 530
+8 0 530
+4 0 530
+7 0 530
+3 0 530
+7 0 530
+3 0 530
+5 0 530
+10 0 530
+4 0 530
+5 0 530
+7 0 530
+4 0 530
+7 0 530
cfn=(328) connect
calls=530 0xfd130 0 
* 0 7420
+5 0 530
+2 0 530
+2 0 530
+7 0 530
+4 0 530
+90 0 530
+4 0 530
+9 0 530
+6 0 530
+4 0 530
+3 0 530
+1 0 530
+2 0 530
+2 0 530
+2 0 530
+2 0 530
+1 0 530
0x132e50 0 530
+3 0 530
+6 0 530
cfn=(168) __close_nocancel
calls=530 0xf2330 0 
* 0 3180
+5 0 530

fn=(52)
0x7f510 0 52846
+4 0 52846
+2 0 52846
+2 0 52846
+2 0 52846
+2 0 52846
+1 0 52846
+1 0 52846
+4 0 52846
+9 0 52846
+5 0 52846
+2 0 52846
+4 0 52846
+6 0 52846
+3 0 52846
+3 0 52846
+3 0 52846
+2 0 52846
+41 0 52846
+5 0 52846
+9 0 52846
+6 0 52846
+4 0 52846
+3 0 52846
+1 0 52846
+1 0 52846
+2 0 52846
+2 0 52846
+2 0 52846
+2 0 52846
+28 0 52846
+4 0 52846
+3 0 52846
+7 0 52846
+4 0 52846
+4 0 52846
+2 0 52846
-10 0 105692
+4 0 105692
+4 0 105692
+2 0 105692
+2 0 158538
+2 0 158538
+6 0 105692
+3 0 105692
+2 0 105692
+2 0 105692
+3 0 105692
+4 0 105692
+3 0 105692
+6 0 105692
+3 0 105692
+2 0 52846
+3 0 52846
+3 0 52846
+2 0 52846
+5 0 52846
cfn=(54) _IO_file_open
calls=52846 0x7f420 0 
* 0 4121988
+5 0 52846
+3 0 52846
+3 0 52846
+6 0 52846
+4 0 52846
+7 0 52846
cfn=(58) __GI_strstr
calls=52846 0x8bf90 0 
* 0 2959376
+5 0 52846
+3 0 52846
+3 0 52846
0x7f714 0 52846
+4 0 52846
+6 0 52846
+5 0 52846
+4 0 52846
+41 0 52846
+2 0 52846
0x7f9a0 0 52846
+6 0 52846
+3 0 52846
+2 0 52846

fn=(168)
0xf2330 0 57441
+4 0 57441
+5 0 57441
+2 0 57441
+6 0 57441
+2 0 57441

fn=(338) sbrk
0xf3150 0 178
+4 0 178
+2 0 178
+1 0 178
+7 0 178
+1 0 178
+3 0 178
+4 0 178
+3 0 178
+2 0 178
+6 0 178
+2 0 178
+2 0 178
+3 0 178
+2 0 68
+2 0 13
+3 0 13
+3 0 13
+3 0 13
+2 0 13
+23 0 110
+3 0 110
+1 0 110
+1 0 110
+2 0 110
+35 0 55
+3 0 55
+3 0 55
+3 0 55
+3 0 55
+2 0 55
+2 0 68
+4 0 68
cfn=(340) brk
calls=68 0xf30f0 0 
* 0 748
+5 0 68
+2 0 68
+2 0 68
+3 0 68
+1 0 68
+1 0 68
+2 0 68

fn=(352)
0x3d630 0 1
+4 0 1
+1 0 1
+1 0 1
+4 0 1
+7 0 1
+4 0 1
+3 0 1
+69 0 1
+4 0 1
+1 0 1
+1 0 1

fn=(420) _IO_flush_all_lockp
0x81590 0 1
+4 0 1
+2 0 1
+3 0 1
+2 0 1
+2 0 1
+2 0 1
+1 0 1
+1 0 1
+4 0 1
+9 0 1
+5 0 1
+2 0 1
+6 0 1
+4 0 1
+2 0 1
+42 0 1
+9 0 1
+7 0 1
+2 0 1
+5 0 1
+2 0 1
+7 0 1
+14 0 1
+7 0 1
+28 0 1
+7 0 1
+6 0 1
+7 0 1
+3 0 1
+3 0 1
+6 0 1
+3 0 1
+6 0 1
+7 0 1
+7 0 1
+3 0 1
+9 0 1
+71 0 3
+3 0 3
+79 0 3
+11 0 3
+4 0 3
+3 0 3
+6 0 3
+7 0 3
+3 0 3
+88 0 3
+6 0 3
+2 0 3
+6 0 3
+4 0 3
+4 0 3
+6 0 3
+10 0 1
+6 0 1
+3 0 1
+6 0 1
+2 0 1
+2 0 1
+11 0 1
+7 0 1
+13 0 1
+6 0 1
+28 0 1
+4 0 1
+2 0 1
+31 0 1
+5 0 1
+9 0 1
+2 0 1
+4 0 1
+3 0 1
+1 0 1
+1 0 1
+2 0 1
+2 0 1
+2 0 1
+2 0 1
+6 0 1
+9 0 1
+7 0 1
+5 0 1

fn=(26) _dl_mcount_wrapper_check
0x136860 0 52846
+4 0 52846
+7 0 52846
+3 0 52846
+8 0 52846
+26 0 52846

fn=(80) _IO_file_seekoff@@GLIBC_2.2.5
0x7e370 0 52846
+4 0 52846
+2 0 52846
+2 0 52846
+2 0 52846
+2 0 52846
+1 0 52846
+3 0 52846
+1 0 52846
+7 0 52846
+9 0 52846
+8 0 52846
+2 0 52846
+2 0 52846
0x7e69b 0 52846
+8 0 52846
+9 0 52846
+6 0 52846
+7 0 52846
+1 0 52846
+1 0 52846
+2 0 52846
+2 0 52846
+2 0 52846
+2 0 52846
+5 0 52846
+5 0 52846
0x7e770 0 52846
+7 0 52846
+3 0 52846
+4 0 52846
+2 0 52846
+3 0 52846
+3 0 52846
+74 0 52846
+7 0 52846
+7 0 52846
+7 0 52846
+3 0 52846
+3 0 52846
+3 0 52846
+3 0 52846
+6 0 52846
+2 0 52846
+5 0 52846
+3 0 52846
cfn=(82) _IO_file_seek
calls=52846 0x7e090 0 
* 0 475614
+6 0 52846
+3 0 52846
+4 0 52846

fn=(176) __nss_next2
0x11eb70 0 52846
+4 0 52846
+2 0 52846
+3 0 52846
+2 0 52846
+2 0 52846
+3 0 52846
+1 0 52846
+3 0 52846
+1 0 52846
+3 0 52846
+3 0 52846
0x11ec16 0 52846
+1 0 52846
+3 0 52846
+1 0 52846
+2 0 52846
+2 0 52846
+2 0 52846
+7 0 52846
+4 0 52846
+4 0 52846
+2 0 52846
+3 0 52846
+3 0 52846
+6 0 52846
+6 0 52846
+6 0 52846

fn=(180) getgrgid
0xc5b80 0 26423
+4 0 26423
+2 0 26423
+5 0 26423
+2 0 26423
+2 0 26423
+1 0 26423
+1 0 26423
+2 0 26423
+4 0 26423
+9 0 26423
+5 0 26423
+2 0 26423
+7 0 26423
+14 0 26423
+7 0 26423
+28 0 26423
+7 0 26423
+7 0 26423
+3 0 26423
+6 0 26423
+3 0 26423
+7 0 26423
+59 0 26423
+3 0 26423
+3 0 26423
+3 0 26423
+2 0 26423
cfn=(182) getgrgid_r@@GLIBC_2.2.5
calls=26423 0xc6400 0 
* 0 270921906
+5 0 26423
+3 0 26423
+2 0 26423
+8 0 26423
+2 0 26423
+7 0 26423
+13 0 26423
+6 0 26423
+28 0 26423
+5 0 26423
+9 0 26423
+4 0 26423
+2 0 26423
+4 0 26423
+1 0 26423
+1 0 26423
+2 0 26423
+2 0 26423
+2 0 26423

fn=(216)
0xc6d60 0 416132
+4 0 416132
+2 0 416132
+3 0 416132
+2 0 416132
+2 0 416132
+4 0 416132
+2 0 416132
+3 0 416132
+1 0 416132
+3 0 416132
+1 0 416132
+3 0 416132
+4 0 416132
+9 0 416132
+5 0 416132
+2 0 416132
+3 0 416132
+2 0 416132
+3 0 416132
+9 0 416132
+5 0 416132
+3 0 416132
cob=(4)
cfi=(3)
cfn=(60)
calls=416132 0x4893470 0 
* 0 12417440
+5 0 416132
+3 0 416132
+2 0 416132
+3 0 416132
+4 0 416132
+3 0 416132
+2 0 416132
+6 0 416132
+2 0 416132
+7 0 2553338
+2 0 2553338
+6 0 2553338
+4 0 2553338
+4 0 2553338
+2 0 2553338
+2 0 416132
+3 0 416132
+42 0 416132
+3 0 416132
+6 0 416132
+4 0 416132
+4 0 416132
+4 0 416132
+3 0 416132
+3 0 416132
+6 0 416132
+6 0 416132
+3 0 416132
+2 0 416132
-5 0 101630
+3 0 101630
+2 0 101630
+6 0 101630
+7 0 101630
+4 0 101630
+4 0 101630
+5 0 101630
+45 0 101630
+3 0 101630
+9 0 489489
+2 0 489489
+2 0 577445
+3 0 577445
+4 0 577445
+4 0 577445
+2 0 577445
+2 0 101630
+3 0 101630
+2 0 101630
+3 0 101630
+4 0 101630
+4 0 101630
+3 0 101630
+2 0 101630
+2 0 13674
+3 0 13674
+4 0 13674
+4 0 13674
+3 0 13674
-7 0 87956
+4 0 87956
+3 0 87956
+20 0 416132
+5 0 416132
+3 0 416132
+2 0 416132
+10 0 416132
+4 0 416132
+4 0 416132
+2 0 416132
+2 0 832264
+2 0 832264
+2 0 416132
+2 0 416132
+2 0 416132
+3 0 416132
+4 0 416132
+4 0 416132
+3 0 416132
+3 0 416132
+2 0 416132
+13 0 416132
+5 0 416132
+9 0 416132
+6 0 416132
+4 0 416132
+1 0 416132
+1 0 416132
+2 0 416132
+2 0 416132
+2 0 416132
+2 0 416132
+1 0 416132
+2 0 416132
+6 0 416132
+3 0 416132
+4 0 416132
+5 0 416132
cob=(4)
cfi=(3)
cfn=(218)
calls=416132 0x4893460 0 
* 0 9619820
+5 0 416132
+5 0 416132
0xc6fcf 0 101630
+2 0 101630
+22 0 416132
+7 0 416132
+5 0 416132
+5 0 416132
+5 0 416132
+5 0 416132
+3 0 416132
+3 0 416132
cfn=(142) strtoul
calls=416132 0x3ee40 0 
* 0 59907524
+5 0 416132
+5 0 416132
+3 0 416132
+4 0 416132
+5 0 416132
+4 0 416132
+3 0 416132
+6 0 416132
+3 0 416132
+3 0 416132
+10 0 416132
+3 0 416132
+14 0 416132
+4 0 416132

fn=(276) opendir_tail
0xc46c0 0 4061
+2 0 4061
+1 0 4061
+7 0 4061
+9 0 4061
+8 0 4061
+2 0 4061
+2 0 4061
+2 0 4061
+3 0 4061
+2 0 4061
+2 0 4061
+5 0 4061
+3 0 4061
cfn=(96)
calls=4061 0xec7a0 0 
* 0 44671
+5 0 4061
+2 0 4061
+2 0 4061
+4 0 4061
+5 0 4061
+5 0 4061
+2 0 4061
+3 0 4061
+2 0 4061
+5 0 4061
+2 0 4061
cfn=(278) __alloc_dir
calls=4061 0xc45b0 0 
* 0 4938735
+5 0 4061
+8 0 4061
+9 0 4061
+2 0 4061
+7 0 4061
+1 0 4061
+2 0 4061

fn=(320) __nscd_get_map_ref
0x1334c0 0 530
+4 0 530
+2 0 530
+2 0 530
+2 0 530
+1 0 530
+1 0 530
+4 0 530
+4 0 530
+4 0 530
0x133578 0 530
+4 0 530
+7 0 530
+1 0 530
+3 0 530
+1 0 530
+2 0 530
+2 0 530
+2 0 530

fn=(62)
0x15e650 0 686837
+4 0 686837
+2 0 686837
+4 0 686837
+5 0 686837
+5 0 686837
+3 0 686837
+3 0 686837
+2 0 270705
+4 0 270705
+5 0 270705
+5 0 270705
+4 0 270705
+4 0 270705
+2 0 270705
+6 0 170925
+4 0 170925
+3 0 170925
+4 0 170925
+11 0 416132
+3 0 416132
+4 0 416132
+4 0 416132
+5 0 416132
+5 0 416132
+4 0 416132
+4 0 416132
+2 0 416132
+2 0 416132
+2 0 306740
+4 0 306740
+3 0 306740
+2 0 306740
+4 0 306740
+3 0 306740
+4 0 306740
+3 0 306740
+6 0 109392
+4 0 109392
+4 0 109392
+5 0 109392
+5 0 109392
+4 0 109392
+4 0 109392
+2 0 109392
-24 0 170925
+4 0 170925
+5 0 170925
+5 0 170925
+4 0 170925
+4 0 170925
+2 0 170925
+6 0 47859
+5 0 47859
+5 0 47859
+5 0 47859
+4 0 47859
+4 0 47859
+2 0 47859
0x15e7e0 0 332238
+4 0 332238
+2 0 332238
+4 0 332238
+3 0 332238
+4 0 332238
+3 0 332238
+12 0 47859
+4 0 47859
+2 0 47859
+5 0 47859
+3 0 47859
+4 0 47859
+3 0 47859

fn=(76) ftello
0x7c1c0 0 52846
+4 0 52846
+1 0 52846
+2 0 52846
+3 0 52846
+5 0 52846
+2 0 52846
+7 0 52846
+9 0 52846
+4 0 52846
+2 0 52846
+5 0 52846
+7 0 52846
+10 0 52846
+3 0 52846
+24 0 52846
+7 0 52846
+4 0 52846
+4 0 52846
+2 0 52846
+5 0 52846
+2 0 52846
+3 0 52846
cfn=(78) _IO_seekoff_unlocked
calls=52846 0x74c80 0 
* 0 4280526
+5 0 52846
+3 0 52846
+2 0 52846
+2 0 52846
+6 0 52846
+3 0 52846
+40 0 52846
+8 0 52846
+7 0 52846
+9 0 52846
+2 0 52846
+24 0 52846
+4 0 52846
+2 0 52846
+3 0 52846
+1 0 52846
+15 0 52846
+2 0 52846
+2 0 52846
+7 0 52846
+4 0 52846
+2 0 52846

fn=(182)
0xc6400 0 26423
+4 0 26423
+2 0 26423
+2 0 26423
+3 0 26423
+2 0 26423
+3 0 26423
+2 0 26423
+3 0 26423
+1 0 26423
+3 0 26423
+1 0 26423
+7 0 26423
+5 0 26423
+9 0 26423
+5 0 26423
+2 0 26423
+6 0 26423
+9 0 26423
+2 0 26423
+6 0 26423
+3 0 26423
+3 0 26423
+6 0 26158
+6 0 26158
+7 0 26158
-7 0 265
+7 0 265
+6 0 26423
+7 0 26423
+4 0 26423
+9 0 26423
+5 0 26423
+7 0 26423
+4 0 26423
+9 0 26423
+4 0 26423
+5 0 26423
+3 0 26423
+3 0 26423
+4 0 26423
+4 0 26423
+2 0 26423
+6 0 26423
+7 0 26423
+2 0 26423
+9 0 26423
+5 0 26423
+9 0 26423
+5 0 26423
+11 0 26423
+2 0 26423
0xc6588 0 26423
+3 0 26423
+2 0 26423
+5 0 26423
+3 0 26423
+5 0 26423
+7 0 26423
cfn=(176)
calls=26423 0x11eb70 0 
* 0 739844
+5 0 26423
+2 0 26423
+6 0 26423
+5 0 26423
cfn=(26)
calls=26423 0x136860 0 
* 0 158538
+5 0 26423
+5 0 26423
+3 0 26423
+3 0 26423
+3 0 26423
+3 0 26423
cob=(3)
cfi=(4)
cfn=(184)
calls=26423 0x68a0 0 
* 0 267066933
+4 0 26423
+3 0 26423
+3 0 26423
0xc6640 0 265
+10 0 265
+7 0 265
+6 0 265
+5 0 265
+3 0 265
+3 0 265
+3 0 265
+3 0 265
cfn=(330) __nscd_getgrgid_r
calls=265 0x130770 0 
* 0 73569
+5 0 265
+4 0 265
+2 0 265
+13 0 26423
+5 0 26423
+9 0 26423
+6 0 26423
+4 0 26423
+7 0 26423
+1 0 26423
+1 0 26423
+2 0 26423
+2 0 26423
+2 0 26423
+2 0 26423
+7 0 26423
+5 0 26423
+3 0 26423
+2 0 26423
+5 0 26423
0xc6740 0 26423
+5 0 26423
cob=(4)
cfi=(3)
cfn=(170)
calls=26423 0x4893330 0 
* 0 317076
+5 0 26423
+5 0 26423
+4 0 26423
0xc6818 0 26423
+3 0 26423
+4 0 26423
+5 0 26423
+3 0 26423

fn=(318) nscd_getpw_r
0x12fba0 0 265
+2 0 265
+3 0 265
+5 0 265
+2 0 265
+3 0 265
+7 0 265
+2 0 265
+3 0 265
+7 0 265
+2 0 265
+3 0 265
+1 0 265
+1 0 265
+3 0 265
+7 0 265
+8 0 265
+5 0 265
+5 0 265
+5 0 265
+5 0 265
+9 0 265
+8 0 265
+2 0 265
cfn=(320)
calls=265 0x1334c0 0 
* 0 5035
+5 0 265
+3 0 265
+4 0 265
0x12fc7d 0 265
+8 0 265
+9 0 265
+6 0 265
+7 0 265
+3 0 265
+1 0 265
+1 0 265
+2 0 265
+2 0 265
+2 0 265
+2 0 265
+80 0 265
+3 0 265
+5 0 265
+3 0 265
+3 0 265
+6 0 265
cfn=(322) __nscd_open_socket
calls=265 0x133790 0 
* 0 29945
+5 0 265
+2 0 265
+3 0 265
+7 0 265
+4 0 265
+80 0 265
+4 0 265
0x12ff00 0 265
+10 0 265
+6 0 265

fn=(16)
0x87c70 0 319272
+4 0 319272
+4 0 319272
+7 0 319272
+3 0 319272
+3 0 319272
+6 0 319272
+3 0 319272
+2 0 266426
+4 0 266426
+4 0 266426
+2 0 266426
+2 0 266426
+7 0 266426
+5 0 266426
+6 0 266426
+7 0 266426
+2 0 266426
+14 0 266426
+2 0 266426
+4 0 266426
cfn=(18) _int_free
calls=266426 0x846d0 0 
* 0 21223057
+53 0 52846
+4 0 52846

fn=(46) _IO_old_init
0x811f0 0 52846
+4 0 52846
+6 0 52846
+6 0 52846
+7 0 52846
+2 0 52846
+2 0 52846
+9 0 52846
+2 0 52846
+8 0 52846
+7 0 52846
+7 0 52846
+8 0 52846
+8 0 52846
+8 0 52846
+8 0 52846
+8 0 52846
+8 0 52846
+8 0 52846
+8 0 52846
+8 0 52846
+8 0 52846
+8 0 52846
+8 0 52846
+3 0 52846
+2 0 52846
+7 0 52846
+8 0 52846

fn=(48)
0x7f160 0 52846
+4 0 52846
+6 0 52846
+1 0 52846
+3 0 52846
+11 0 52846
cfn=(50) _IO_link_in
calls=52846 0x80390 0 
* 0 4333372
+5 0 52846
+7 0 52846
+1 0 52846

fn=(84) lseek
0xed290 0 52846
+4 0 52846
+5 0 52846
+2 0 52846
+6 0 52846
+2 0 52846

fn=(142)
0x3ee40 0 851850
+4 0 851850
+7 0 851850
+2 0 851850
+4 0 851850
cfn=(144) ____strtoul_l_internal
calls=851850 0x3f380 0 
* 0 118162425

fn=(174) _IO_default_finish
0x813d0 0 52846
+4 0 52846
+1 0 52846
+3 0 52846
+4 0 52846
+3 0 52846
+8 0 52846
+4 0 52846
+3 0 52846
+18 0 52846
+4 0 52846
+3 0 52846
+15 0 52846
+4 0 52846
+14 0 52846
+1 0 52846

fn=(314) __nscd_getpwuid_r
0x130010 0 265
+4 0 265
+2 0 265
+2 0 265
+3 0 265
+2 0 265
+3 0 265
+1 0 265
+3 0 265
+2 0 265
+1 0 265
+3 0 265
+5 0 265
+4 0 265
+9 0 265
+5 0 265
+2 0 265
+5 0 265
+5 0 265
cfn=(316) _itoa_word
calls=265 0x4fb00 0 
* 0 9704
+5 0 265
+5 0 265
+3 0 265
+3 0 265
+4 0 265
+3 0 265
+5 0 265
+3 0 265
+2 0 265
+3 0 265
cfn=(318)
calls=265 0x12fba0 0 
* 0 49555
+5 0 265
+1 0 265
+1 0 265
+5 0 265
+9 0 265
+2 0 265
+4 0 265
+1 0 265
+1 0 265
+2 0 265
+2 0 265

fn=(74)
0x7d2d0 0 633991
+4 0 633991
+2 0 633991
+2 0 633991
+2 0 633991
+3 0 633991
+2 0 633991
+3 0 633991
+1 0 633991
+3 0 633991
+1 0 633991
+4 0 633991
+6 0 633991
+2 0 633991
+6 0 633991
+4 0 633991
+4 0 633991
+3 0 633991
+3 0 633991
+2 0 581145
+3 0 581145
+5 0 581145
+3 0 581145
cob=(4)
cfi=(3)
cfn=(110)
calls=581145 0x4893420 0 
* 0 16285523
+5 0 581145
+3 0 581145
+3 0 581145
+6 0 581145
+3 0 581145
+3 0 581145
+4 0 581145
+3 0 581145
+6 0 581145
+4 0 581145
+3 0 581145
+3 0 581145
+5 0 581145
+3 0 581145
+4 0 581145
cob=(4)
cfi=(3)
cfn=(114)
calls=581145 0x48934c0 0 
* 0 8751360
+5 0 581145
+5 0 581145
+3 0 581145
+6 0 581145
+4 0 581145
+4 0 581145
+1 0 581145
+1 0 581145
+2 0 581145
+2 0 581145
+2 0 581145
+2 0 581145
-14 0 52846
+4 0 52846
+1 0 52846
+1 0 52846
+2 0 52846
+2 0 52846
+2 0 52846
+2 0 52846
+5 0 52846
+3 0 52846
+2 0 52846
cfn=(76)
calls=52846 0x7c1c0 0 
* 0 6658596
+5 0 52846
+5 0 52846
+5 0 52846
+6 0 52846
+6 0 52846
+5 0 52846
+3 0 52846
+3 0 52846
+3 0 52846
+10 0 52846
+4 0 52846
+4 0 52846
+3 0 52846
+3 0 52846
+6 0 52846
+3 0 52846
+5 0 52846
+3 0 52846
cob=(4)
cfi=(3)
cfn=(110)
calls=52846 0x4893420 0 
* 0 1193318
+5 0 52846
+3 0 52846
+3 0 52846
+3 0 52846
+3 0 52846
+41 0 52846
+3 0 52846
cfn=(86) __underflow
calls=52846 0x809b0 0 
* 0 34066491
+5 0 52846
+3 0 52846
+22 0 52846
+4 0 52846
+3 0 52846
0x7d4f8 0 52846
+3 0 52846
+5 0 52846
+3 0 52846
+5 0 52846
+3 0 52846
+6 0 52846
+3 0 52846
+5 0 52846
+3 0 52846
cob=(4)
cfi=(3)
cfn=(114)
calls=52846 0x48934c0 0 
* 0 739844
+5 0 52846
+5 0 52846
+6 0 52846
+5 0 52846
+4 0 52846
+5 0 52846
+4 0 52846
+10 0 52846
+10 0 52846

fn=(126)
0x334e0 0 633991
+4 0 633991
+7 0 633991
+9 0 633991

fn=(332) nscd_getgr_r
0x1300a0 0 265
+2 0 265
+3 0 265
+7 0 265
+2 0 265
+3 0 265
+2 0 265
+3 0 265
+2 0 265
+3 0 265
+1 0 265
+1 0 265
+3 0 265
+7 0 265
+8 0 265
+5 0 265
+5 0 265
+5 0 265
+5 0 265
+7 0 265
+5 0 265
+4 0 265
+9 0 265
+8 0 265
+2 0 265
+8 0 265
+12 0 265
+5 0 265
+8 0 265
cfn=(320)
calls=265 0x1334c0 0 
* 0 5035
+5 0 265
+3 0 265
+3 0 265
+3 0 265
+3 0 265
+3 0 265
+5 0 265
+5 0 265
+4 0 265
0x130214 0 265
+4 0 265
+35 0 265
+8 0 265
+5 0 265
+7 0 265
+8 0 265
+9 0 265
+6 0 265
+7 0 265
+3 0 265
+1 0 265
+1 0 265
+2 0 265
+2 0 265
+2 0 265
+2 0 265
+85 0 265
+5 0 265
+5 0 265
+5 0 265
+3 0 265
+6 0 265
cfn=(322)
calls=265 0x133790 0 
* 0 29945
+5 0 265
+3 0 265
+3 0 265
+30 0 265
+3 0 265
0x1305c0 0 265
+10 0 265
+5 0 265

fn=(334) sysmalloc
0x850a0 0 13
+2 0 13
+2 0 13
+2 0 13
+2 0 13
+1 0 13
+3 0 13
+1 0 13
+4 0 13
+7 0 13
+4 0 13
+3 0 13
+6 0 13
+7 0 13
+3 0 13
+6 0 13
+3 0 13
+3 0 13
+5 0 13
+4 0 13
+3 0 13
+3 0 13
+5 0 13
+4 0 13
+4 0 13
+3 0 13
+4 0 13
+5 0 13
+3 0 13
+7 0 13
+4 0 13
+6 0 13
+2 0 13
+6 0 13
+5 0 13
+3 0 13
+6 0 13
+4 0 13
+5 0 13
+3 0 13
+6 0 13
+7 0 13
+3 0 13
0x851bc 0 13
+7 0 13
+2 0 3
+7 0 3
+4 0 3
+4 0 3
+5 0 3
-13 0 10
+4 0 10
+4 0 10
+5 0 10
+6 0 13
+3 0 13
+7 0 13
+4 0 13
+3 0 13
+4 0 13
+3 0 13
+4 0 13
+4 0 13
+4 0 13
+4 0 13
+4 0 13
+4 0 13
+4 0 13
0x8531b 0 13
+4 0 13
+3 0 13
+1 0 13
+1 0 13
+2 0 13
+2 0 13
+2 0 13
+2 0 13
0x854d0 0 13
+7 0 13
+5 0 13
+5 0 13
+3 0 13
+3 0 13
+4 0 13
+6 0 13
+3 0 13
+3 0 13
+6 0 13
+7 0 13
+5 0 13
+3 0 13
+5 0 13
cfn=(336) __default_morecore
calls=13 0x89130 0 
* 0 624
+2 0 13
+5 0 13
+5 0 13
+3 0 13
+3 0 13
+6 0 13
+7 0 13
+3 0 13
+3 0 13
+6 0 13
+7 0 13
+7 0 13
+5 0 13
+3 0 13
+3 0 13
+6 0 13
+2 0 13
+7 0 13
+3 0 13
+6 0 13
+3 0 13
+6 0 13
+3 0 13
+7 0 13
+4 0 13
+4 0 13

fn=(78)
0x74c80 0 52846
+4 0 52846
+3 0 52846
+6 0 52846
+2 0 52846
+3 0 52846
+1 0 52846
+4 0 52846
+2 0 52846
+71 0 52846
+7 0 52846
+7 0 52846
+7 0 52846
+3 0 52846
+3 0 52846
+3 0 52846
+3 0 52846
+2 0 52846
+4 0 52846
+4 0 52846
+3 0 52846
+1 0 52846
+2 0 52846
cfn=(80)
calls=52846 0x7e370 0 
* 0 3065068

fn=(86)
0x809b0 0 52846
+4 0 52846
+1 0 52846
+3 0 52846
+1 0 52846
+4 0 52846
+6 0 52846
+2 0 52846
+16 0 52846
+7 0 52846
+6 0 52846
+4 0 52846
+4 0 52846
+6 0 52846
+7 0 52846
+2 0 52846
+5 0 52846
+22 0 52846
+7 0 52846
+7 0 52846
+7 0 52846
+3 0 52846
+3 0 52846
+3 0 52846
+3 0 52846
+6 0 52846
+4 0 52846
+4 0 52846
+3 0 52846
+1 0 52846
+1 0 52846
cfn=(88) _IO_file_underflow@@GLIBC_2.2.5
calls=52846 0x7fb10 0 
* 0 32216881
+8 0 52846
+5 0 52846
+59 0 52846
+3 0 52846

fn=(98) _int_malloc
0x858e0 0 101892
+2 0 101892
+4 0 101892
+2 0 101892
+3 0 101892
+2 0 101892
+3 0 101892
+2 0 101892
+1 0 101892
+1 0 101892
+7 0 101892
+4 0 101892
+6 0 96491
+4 0 96491
+4 0 96491
+3 0 96491
+3 0 96491
+3 0 96491
-3 0 5401
+3 0 5401
+6 0 101892
+2 0 101892
+6 0 101892
+3 0 101892
+6 0 101892
+3 0 101892
+4 0 101892
+7 0 101892
+6 0 43828
+5 0 43828
+4 0 43828
+4 0 43828
+3 0 43828
0x85a30 0 5401
+2 0 5401
+6 0 5401
+8 0 58064
+7 0 58064
+6 0 56907
+3 0 56907
+3 0 56907
+3 0 56907
+3 0 56907
+4 0 56907
+3 0 56907
+4 0 56907
+5 0 56907
+4 0 56907
+4 0 56907
+5 0 56907
+4 0 56907
+4 0 56907
+7 0 56907
+4 0 56907
+5 0 56907
+4 0 56907
+3 0 56907
+5 0 56907
+5 0 56907
+4 0 56907
+3 0 56907
+2 0 56907
+5 0 56907
+3 0 56907
+5 0 56907
+5 0 56907
+4 0 56907
+4 0 56907
+5 0 56907
+4 0 56907
+2 0 56907
+4 0 56907
+4 0 56907
+2 0 4061
+4 0 4061
+4 0 4061
+6 0 4061
+3 0 4061
+4 0 4061
+2 0 4061
-6 0 52846
+4 0 52846
+2 0 52846
+6 0 98667
+4 0 98667
+7 0 98667
+5 0 98667
+3 0 98667
+2 0 98667
+5 0 98667
+4 0 98667
+6 0 98667
+2 0 98667
+7 0 98667
+4 0 98667
+5 0 98667
+8 0 98667
+4 0 98667
+5 0 98667
+5 0 98667
+4 0 98667
+3 0 98667
+6 0 87465
+7 0 87465
+7 0 87465
+3 0 87465
+5 0 87465
+5 0 87465
+3 0 87465
+3 0 87465
+5 0 87465
+4 0 87465
+5 0 87465
+4 0 87465
+5 0 87465
+4 0 87465
+4 0 87465
+4 0 87465
+4 0 87465
-16 0 14891
+4 0 14891
+4 0 14891
+4 0 14891
+4 0 14891
+6 0 102356
+7 0 102356
+3 0 102356
+6 0 102356
+4 0 102356
+4 0 102356
+6 0 102356
+3 0 102356
+6 0 102356
+3 0 102356
+4 0 102356
+3 0 102356
+6 0 102356
+4 0 102356
+4 0 102356
+6 0 102356
+4 0 102356
+6 0 102356
+2 0 102356
+6 0 102356
+7 0 102356
+2 0 32656
+3 0 32656
+6 0 77295
+4 0 77295
+4 0 77295
+3 0 77295
+6 0 76073
+7 0 76073
+6 0 21750
+3 0 21750
+4 0 21750
+4 0 21750
+2 0 21750
+5 0 21750
+3 0 21750
+4 0 21750
+4 0 21750
+6 0 21750
+5 0 21750
+3 0 21750
+3 0 21750
+3 0 21750
+8 0 21750
+4 0 21750
+4 0 21750
+4 0 21750
+4 0 21750
+4 0 21750
+3 0 21750
-55 0 54323
+4 0 54323
+6 0 54323
+5 0 54323
+3 0 54323
+3 0 54323
+3 0 54323
+8 0 54323
+4 0 54323
+4 0 54323
+4 0 54323
+4 0 54323
+4 0 54323
+3 0 54323
+6 0 15
+3 0 15
+6 0 15
+5 0 15
+6 0 1085
+9 0 1085
+5 0 1085
+4 0 1085
+4 0 1085
+6 0 1085
+3 0 1085
+6 0 1085
+3 0 1085
+4 0 1085
+4 0 1085
+8 0 1085
+60 0 44985
+5 0 44985
+5 0 44985
+4 0 44985
+4 0 44985
+3 0 44985
+6 0 3225
+4 0 3225
+4 0 3225
+6 0 3225
+7 0 3225
+6 0 3225
+4 0 3225
+4 0 3225
+3 0 3225
+7 0 3225
+7 0 3225
+4 0 3225
+3 0 3225
+2 0 3225
+4 0 3225
+4 0 3225
+7 0 3225
+2 0 3225
+7 0 3225
+5 0 3225
+4 0 3225
+4 0 3225
-4 0 3948
+4 0 3948
+3 0 7123
+4 0 7123
+3 0 7123
+2 0 3948
+3 0 3948
+6 0 7173
+3 0 7173
+2 0 50
+9 0 50
+6 0 50
+4 0 50
+2 0 50
-12 0 3175
+6 0 3175
+4 0 3175
+2 0 3175
+6 0 101892
+7 0 101892
+3 0 101892
+1 0 101892
+1 0 101892
+2 0 101892
+2 0 101892
+2 0 101892
+2 0 101892
+58 0 3639
+3 0 3639
cfn=(280) malloc_consolidate
calls=3639 0x83940 0 
* 0 2907937
+5 0 3639
+8 0 41760
+3 0 41760
+3 0 41760
+3 0 41760
+3 0 41760
+4 0 41760
+3 0 41760
+4 0 41760
+5 0 41760
+4 0 41760
+4 0 41760
+5 0 41760
+4 0 41760
+7 0 41760
+5 0 41760
+4 0 41760
+5 0 41760
+5 0 41760
+3 0 41760
+5 0 41760
+4 0 41760
+2 0 41760
+3 0 41760
+4 0 41760
+2 0 41760
+3 0 41760
+4 0 41760
+2 0 41760
+3 0 41760
+4 0 41760
+2 0 41760
+3 0 41760
+4 0 41760
+9 0 1222
+4 0 1222
+4 0 1222
+7 0 1222
+3 0 1222
+7 0 1222
+6 0 1222
+4 0 1222
+2 0 1086
+5 0 1086
+3 0 1086
+5 0 1086
+6 0 136
+5 0 136
+3 0 15
+4 0 15
+7 0 15
+6 0 15
+4 0 15
+3 0 15
-3 0 1086
+3 0 1086
+6 0 16
+6 0 16
+82 0 136
+6 0 136
+2 0 136
+50 0 54323
+3 0 54323
+4 0 54323
+7 0 54323
+6 0 54010
+3 0 54010
+4 0 54010
+7 0 54010
+6 0 25367
+3 0 25367
+4 0 25367
+4 0 25367
+4 0 25367
+2 0 25367
+5 0 25367
+4 0 25367
+4 0 25367
+3 0 25367
-26 0 28956
+4 0 28956
+4 0 28956
+2 0 28956
+5 0 28956
+4 0 28956
+4 0 28956
+3 0 28956
+6 0 625
+4 0 625
+4 0 625
+4 0 625
+4 0 625
+6 0 625
+3 0 625
+6 0 605
+4 0 605
+4 0 605
+4 0 605
+4 0 605
+4 0 605
+4 0 605
+10 0 76058
+4 0 76058
+7 0 76058
+2 0 76058
+4 0 76058
+3 0 76058
+6 0 72385
+7 0 72385
+2 0 56771
+4 0 56771
+4 0 56771
+5 0 56771
+3 0 56771
+4 0 56771
+3 0 56771
+2 0 6884
+4 0 6884
+6 0 66040
+4 0 66040
+3 0 66040
+2 0 66040
+2 0 66040
+5 0 66040
+5 0 66040
+3 0 66040
+2 0 66040
+3 0 66040
+8 0 66040
+5 0 66040
+2 0 66040
-2 0 7125
+2 0 7125
+6 0 65157
+2 0 65157
+6 0 624146
+2 0 624146
+6 0 557864
+4 0 557864
+2 0 557864
+50 0 313
+3 0 313
+4 0 313
+9 0 1086
+9 0 1086
+6 0 1086
+5 0 1086
+3 0 1086
+4 0 1086
+4 0 1086
+4 0 1086
+3 0 1086
+4 0 1086
+3 0 1086
+11 0 32511
+4 0 32511
+6 0 30981
+5 0 30981
+6 0 25061
+4 0 25061
+3 0 25061
+5 0 25061
+4 0 25061
+4 0 25061
+4 0 25061
+4 0 25061
+4 0 25061
+7 0 25061
+2 0 14527
+8 0 14527
+8 0 14527
+7 0 14527
+3 0 14527
+3 0 14527
+3 0 14527
+4 0 14527
+3 0 14527
+4 0 14527
+4 0 14527
+3 0 14527
+4 0 14527
+4 0 14527
+6 0 14527
+3 0 14527
+4 0 14527
+2 0 14527
-57 0 10534
+7 0 10534
+3 0 10534
+3 0 10534
+3 0 10534
+4 0 10534
+3 0 10534
+4 0 10534
+4 0 10534
+3 0 10534
+4 0 10534
+4 0 10534
+6 0 10534
+3 0 10534
+4 0 10534
+2 0 10534
+57 0 12483
+3 0 12483
+8 0 12483
+2 0 12483
+6 0 19366
+3 0 19366
+3 0 19366
+2 0 6883
+4 0 6883
+4 0 6883
+4 0 6883
+7 0 6883
+6 0 6883
+4 0 6883
+3 0 6883
+6 0 13
+5 0 13
+4 0 13
+2 0 13
0x862a0 0 66282
+4 0 66282
+3 0 66282
+6 0 7125
+2 0 7125
+4 0 7125
+2 0 7125
+2 0 7125
+2 0 7125
+8 0 7125
+31 0 3948
+4 0 3948
+6 0 3948
+3 0 3948
+7 0 3948
+4 0 3948
+4 0 3948
+3 0 3948
+4 0 3948
+4 0 3948
+4 0 3948
+3 0 3948
+4 0 3948
+4 0 3948
+58 0 53698
+4 0 53698
+4 0 53698
+3 0 53698
+4 0 53698
+9 0 28643
+3 0 28643
+4 0 28643
+7 0 28643
+6 0 27419
+3 0 27419
+4 0 27419
+61 0 20
+4 0 20
+2 0 20
+6 0 20
+4 0 20
+3 0 20
+45 0 20
+6 0 14
+4 0 14
+4 0 14
+4 0 14
+4 0 14
+4 0 14
+6 0 14
+4 0 14
+4 0 14
+3 0 14
+4 0 14
+4 0 14
+4 0 14
-8 0 6
+4 0 6
+4 0 6
+6 0 20
+4 0 20
+46 0 1176
+2 0 1176
+3 0 1176
+3 0 1176
+5 0 1176
+5 0 1176
+5 0 1224
+3 0 1224
+4 0 1224
+7 0 1224
+2 0 243
+3 0 243
+4 0 243
+5 0 6
+4 0 6
+2 0 981
+3 0 981
+5 0 981
+4 0 981
+7 0 981
+4 0 981
+3 0 981
+4 0 981
+36 0 59157
+4 0 59157
+5 0 59157
+4 0 59157
+3 0 59157
+6 0 59157
+3 0 59157
+3 0 59157
+5 0 59157
+3 0 59157
+4 0 59157
cfn=(100) unlink_chunk.isra.0
calls=59157 0x83870 0 
* 0 1683102
+5 0 59157
+4 0 59157
+4 0 59157
+5 0 59157
+6 0 53998
+4 0 53998
+4 0 53998
+4 0 53998
+6 0 53998
+4 0 53998
+4 0 53998
+4 0 53998
+4 0 53998
+7 0 53998
+2 0 6783
+4 0 6783
+7 0 6783
-7 0 47215
+7 0 47215
+2 0 46597
+8 0 46597
+8 0 46597
+7 0 46597
+3 0 46597
+3 0 46597
+3 0 46597
+4 0 46597
+3 0 46597
+4 0 46597
+4 0 46597
+3 0 46597
+4 0 46597
+4 0 46597
+4 0 46597
+6 0 46597
+4 0 46597
+2 0 46597
-58 0 7401
+7 0 7401
+3 0 7401
+3 0 7401
+3 0 7401
+4 0 7401
+3 0 7401
+4 0 7401
+4 0 7401
+3 0 7401
+4 0 7401
+4 0 7401
+4 0 7401
+6 0 7401
+4 0 7401
+2 0 7401
-12 0 5159
+6 0 5159
+4 0 5159
+2 0 5159
+11 0 5159
+7 0 5159
+6 0 5159
+3 0 5159
0x86632 0 6870
+7 0 6870
+3 0 6870
+4 0 6870
+5 0 6870
+3 0 6870
+4 0 6870
+3 0 6870
+4 0 6870
+4 0 6870
+3 0 6870
+4 0 6870
+3 0 6870
+4 0 6870
+4 0 6870
+4 0 6870
+6 0 6870
+2 0 6870
+42 0 13
+3 0 13
+3 0 13
+5 0 13
cfn=(334)
calls=13 0x850a0 0 
* 0 2096
+5 0 13
+3 0 13
+3 0 13
+6 0 13
+6 0 13
+2 0 13
+11 0 6345
+5 0 6345
+4 0 6345
+2 0 2
+4 0 2
+4 0 2
+3 0 2
+4 0 2
+3 0 2
-14 0 6345
+4 0 6345
+3 0 6345
+4 0 6345
+3 0 6345
+2 0 6345
+4 0 6345
+2 0 4
+4 0 4
+4 0 4
+4 0 4
+3 0 4
+3 0 4
+4 0 4
cfn=(100)
calls=4 0x83870 0 
* 0 104
-10 0 6341
+3 0 6341
+3 0 6341
+4 0 6341
cfn=(100)
calls=6341 0x83870 0 
* 0 196571
+5 0 6345
+3 0 6345
+4 0 6345
+4 0 6345
+6 0 6239
+4 0 6239
+4 0 6239
+4 0 6239
+2 0 6239
+4 0 6239
+4 0 6239
+4 0 6239
+4 0 6239
+7 0 6239
+2 0 29
+8 0 29
+8 0 29
+7 0 29
+3 0 29
+3 0 29
+3 0 29
+4 0 29
+3 0 29
+4 0 29
+4 0 29
+3 0 29
+4 0 29
+4 0 29
+4 0 29
+6 0 29
+4 0 29
+2 0 29
-58 0 6210
+7 0 6210
+3 0 6210
+3 0 6210
+3 0 6210
+4 0 6210
+3 0 6210
+4 0 6210
+4 0 6210
+3 0 6210
+4 0 6210
+4 0 6210
+4 0 6210
+6 0 6210
+4 0 6210
+2 0 6210
-12 0 106
+6 0 106
+4 0 106
+2 0 106
+23 0 106
+7 0 106
+6 0 106
+3 0 106

fn=(336)
0x89130 0 178
+4 0 178
+4 0 178
cfn=(338)
calls=178 0xf3150 0 
* 0 4865
+5 0 178
+5 0 178
+4 0 178
+4 0 178
+4 0 178

fn=(42)
0x875d0 0 266353
+4 0 266353
+2 0 266353
+2 0 266353
+1 0 266353
+3 0 266353
+1 0 266353
+4 0 266353
+7 0 266353
+3 0 266353
+3 0 266353
+6 0 266353
+4 0 266353
+4 0 266353
+6 0 62362
+2 0 62362
+5 0 62362
+3 0 62362
-3 0 203991
+3 0 203991
+6 0 266353
+2 0 266353
+6 0 266353
+7 0 266353
+4 0 266353
+3 0 266353
+5 0 266353
+4 0 266353
+3 0 266353
+6 0 266353
+7 0 266353
+6 0 101892
+7 0 101892
+2 0 101892
+2 0 101892
+6 0 101892
+3 0 101892
+7 0 101892
cfn=(98)
calls=101892 0x858e0 0 
* 0 30598605
+5 0 101892
+3 0 101892
+3 0 101892
+6 0 101892
+4 0 101892
+2 0 101892
+6 0 101892
+2 0 101892
+63 0 203991
+4 0 203991
+4 0 203991
+3 0 203991
+61 0 209446
+4 0 209446
+4 0 209446
+3 0 209446
+6 0 164461
+7 0 164461
+6 0 164461
+3 0 164461
+4 0 164461
+5 0 164461
+8 0 164461
+4 0 164461
+3 0 164461
+1 0 164461
+1 0 164461
+2 0 164461
+2 0 164461
-13 0 101892
+4 0 101892
+3 0 101892
+1 0 101892
+1 0 101892
+2 0 101892
+2 0 101892

fn=(50)
0x80390 0 105692
+4 0 105692
+1 0 105692
+1 0 105692
+4 0 105692
+9 0 105692
+5 0 105692
+2 0 105692
+2 0 105692
+2 0 105692
+6 0 52846
+6 0 52846
+2 0 52846
+3 0 52846
+2 0 52846
+2 0 52846
+6 0 52846
+9 0 52846
+7 0 52846
+4 0 52846
+9 0 52846
+7 0 52846
+2 0 52846
+5 0 52846
+2 0 52846
+7 0 52846
+14 0 52846
+7 0 52846
+28 0 52846
+7 0 52846
+6 0 52846
+2 0 52846
+7 0 52846
+3 0 52846
+6 0 52846
+5 0 52846
+6 0 52846
+7 0 52846
+9 0 52846
+4 0 52846
+6 0 52846
+5 0 52846
+7 0 52846
+11 0 52846
+4 0 52846
+24 0 52846
+7 0 52846
+2 0 52846
+4 0 52846
+7 0 52846
+5 0 52846
+4 0 52846
+7 0 52846
+3 0 52846
+2 0 52846
+5 0 52846
+6 0 52846
+2 0 52846
+8 0 52846
+7 0 52846
+10 0 52846
+3 0 52846
+24 0 52846
+6 0 52846
+29 0 52846
+11 0 52846
+3 0 52846
+6 0 52846
+2 0 52846
+11 0 52846
+7 0 52846
+13 0 52846
+6 0 52846
+28 0 52846
+2 0 52846
+29 0 105692
+5 0 105692
+9 0 105692
+2 0 105692
+4 0 105692
+1 0 105692
+1 0 105692

fn=(82)
0x7e090 0 52846
+4 0 52846
+3 0 52846
cfn=(84)
calls=52846 0xed290 0 
* 0 317076

fn=(106) _IO_file_read
0x7ef40 0 52846
+4 0 52846
+4 0 52846
+4 0 52846
+3 0 52846
+17 0 52846
cfn=(108) __read_nocancel
calls=52846 0xf2600 0 
* 0 317076

fn=(108)
0xf2600 0 52846
+4 0 52846
+2 0 52846
+2 0 52846
+6 0 52846
+2 0 52846

fn=(112)
0x15aaa0 0 633991
+4 0 633991
+3 0 633991
+6 0 633991
+2 0 633991
+4 0 633991
+5 0 633991
+3 0 633991
+3 0 633991
+2 0 361417
+4 0 361417
+4 0 361417
+2 0 361417
+6 0 104644
+4 0 104644
+6 0 104644
+4 0 104644
+3 0 104644
+4 0 104644
+3 0 104644
+7 0 104644
+6 0 104644
+11 0 272574
+3 0 272574
+4 0 272574
+4 0 272574
+4 0 272574
+2 0 272574
+2 0 272574
+2 0 108626
+4 0 108626
+3 0 108626
+6 0 108626
+3 0 108626
+3 0 108626
+3 0 108626
+5 0 163948
+3 0 163948
+4 0 163948
+3 0 163948
+6 0 163948
+4 0 163948
+7 0 163948
+6 0 262218
+4 0 262218
+4 0 262218
+2 0 262218
+6 0 114394
+5 0 114394
+4 0 114394
+2 0 114394
+6 0 6837
+5 0 6837
+4 0 6837
+2 0 6837
0x15abfb 0 6374
+3 0 6374
+2 0 6374
+4 0 6374
+4 0 6374
+2 0 6374
0x15ac90 0 256773
+4 0 256773
+3 0 256773
+2 0 256773
+3 0 256773
+3 0 256773
0x15ad10 0 154198
+4 0 154198
+3 0 154198
+3 0 154198
+6 0 107557
+4 0 107557
+4 0 107557
+3 0 107557
+3 0 107557
+2 0 6837
+4 0 6837
+4 0 6837
+3 0 6837
+3 0 6837

fn=(326)
0xfd760 0 530
+4 0 530
+5 0 530
+2 0 530
+6 0 530
+2 0 530

fn=(348)
0x3cf90 0 1
+4 0 1
+4 0 1
+5 0 1
+5 0 1
+7 0 1
cfn=(350)
calls=1 0x3cd30 0 
* 0 1528

fn=(422)
0xc9600 0 1
+4 0 1
+7 0 1
+2 0 1
+6 0 1
+5 0 1

fn=(156)
0x72800 0 52846
+4 0 52846
+2 0 52846
+1 0 52846
+3 0 52846
+1 0 52846
+2 0 52846
+3 0 52846
+29 0 52846
+2 0 52846
+2 0 52846
+7 0 52846
+4 0 52846
+6 0 52846
+7 0 52846
+7 0 52846
+7 0 52846
+3 0 52846
+3 0 52846
+3 0 52846
+3 0 52846
+6 0 52846
+2 0 52846
+3 0 52846
cfn=(172) _IO_file_finish@@GLIBC_2.2.5
calls=52846 0x7f380 0 
* 0 1532534
+3 0 52846
+6 0 52846
+2 0 52846
+6 0 52846
+5 0 52846
+10 0 52846
+7 0 52846
+2 0 52846
+7 0 52846
+2 0 52846
+7 0 52846
+2 0 52846
+3 0 52846
cob=(4)
cfi=(3)
cfn=(170)
calls=52846 0x4893330 0 
* 0 4491910
+5 0 52846
+3 0 52846
+1 0 52846
+1 0 52846
+2 0 52846
+8 0 52846
cfn=(158) _IO_un_link
calls=52846 0x80370 0 
* 0 4756140
+5 0 52846
+3 0 52846
+3 0 52846
+2 0 52846
+7 0 52846
+9 0 52846
+4 0 52846
+2 0 52846
+5 0 52846
+2 0 52846
+7 0 52846
+10 0 52846
+3 0 52846
+24 0 52846
+7 0 52846
+3 0 52846
+4 0 52846
+4 0 52846
+2 0 52846
+6 0 52846
+3 0 52846
+6 0 52846
+3 0 52846
cfn=(162) _IO_file_close_it@@GLIBC_2.2.5
calls=52846 0x7f1e0 0 
* 0 13643640
+5 0 52846
+3 0 52846
+3 0 52846
+6 0 52846
+11 0 52846
+8 0 52846
+7 0 52846
+9 0 52846
+2 0 52846
+24 0 52846

fn=(158)
0x80370 0 105692
+4 0 105692
+3 0 105692
+2 0 52846
cfn=(160) __GI__IO_un_link.part.0
calls=52846 0x80090 0 
* 0 4544756
+7 0 52846

fn=(160)
0x80090 0 52846
+1 0 52846
+1 0 52846
+3 0 52846
+4 0 52846
+6 0 52846
+9 0 52846
+5 0 52846
+2 0 52846
+2 0 52846
+40 0 52846
+9 0 52846
+7 0 52846
+2 0 52846
+5 0 52846
+2 0 52846
+7 0 52846
+14 0 52846
+7 0 52846
+28 0 52846
+7 0 52846
+6 0 52846
+2 0 52846
+7 0 52846
+3 0 52846
+2 0 52846
+6 0 52846
+5 0 52846
+6 0 52846
+7 0 52846
+9 0 52846
+4 0 52846
+6 0 52846
+5 0 52846
+7 0 52846
+11 0 52846
+4 0 52846
+24 0 52846
+2 0 52846
+7 0 52846
+7 0 52846
+2 0 52846
+5 0 52846
+4 0 52846
+5 0 52846
+3 0 52846
+2 0 52846
+4 0 52846
+3 0 52846
+6 0 52846
+7 0 52846
+4 0 52846
+2 0 52846
+2 0 52846
+2 0 52846
+7 0 52846
+5 0 52846
+6 0 52846
+2 0 52846
+8 0 52846
+7 0 52846
+10 0 52846
+3 0 52846
+24 0 52846
+6 0 52846
+11 0 52846
+3 0 52846
+6 0 52846
+2 0 52846
+11 0 52846
+7 0 52846
+13 0 52846
+6 0 52846
+28 0 52846
+2 0 52846
+29 0 52846
+5 0 52846
+9 0 52846
+6 0 52846
+4 0 52846
+1 0 52846
+1 0 52846
+4 0 52846
+9 0 52846
+7 0 52846
+4 0 52846

fn=(328)
0xfd130 0 530
+4 0 530
+7 0 530
+2 0 530
+2 0 530
+2 0 530
+5 0 530
+2 0 530
+6 0 530
+82 0 530
+7 0 530
+2 0 530
+3 0 530
+5 0 530

fn=(0) write
0xed1e0 0 1873282
+4 0 1873282
+7 0 1873282
+2 0 1873282
+2 0 1873282
+2 0 1873282
+5 0 1873282
+2 0 1873283
+6 0 1873283
+2 0 1873283

fn=(44)
0x812b0 0 52846
+4 0 52846
+2 0 52846
+3 0 52846
+2 0 52846
+3 0 52846
+1 0 52846
+3 0 52846
+1 0 52846
+3 0 52846
+4 0 52846
cfn=(46)
calls=52846 0x811f0 0 
* 0 1479688
+5 0 52846
+7 0 52846
+3 0 52846
+6 0 52846
+7 0 52846
+8 0 52846
+8 0 52846
+8 0 52846
+7 0 52846
+8 0 52846
+8 0 52846
+8 0 52846
+8 0 52846
+8 0 52846
+8 0 52846
+8 0 52846
+7 0 52846
+11 0 52846
+4 0 52846
+1 0 52846
+1 0 52846
+2 0 52846
+2 0 52846

fn=(96)
0xec7a0 0 56907
+4 0 56907
+3 0 56907
+2 0 56907
+3 0 56907
+4 0 56907
+2 0 56907
+5 0 56907
+2 0 56907
+6 0 56907
+2 0 56907

fn=(144)
0x3f380 0 851850
+4 0 851850
+2 0 851850
+2 0 851850
+3 0 851850
+2 0 851850
+3 0 851850
+2 0 851850
+3 0 851850
+1 0 851850
+1 0 851850
+4 0 851850
+5 0 851850
+2 0 851850
+6 0 851850
+3 0 851850
+6 0 851850
+3 0 851850
+6 0 851850
+5 0 851850
+4 0 851850
+3 0 851850
+3 0 851850
+5 0 851850
+21 0 851850
+2 0 851850
+6 0 851850
+2 0 851850
+6 0 851850
+2 0 851850
+8 0 851850
+3 0 851850
+3 0 851850
+3 0 851850
+3 0 851850
+4 0 851850
+6 0 772581
+2 0 772581
+6 0 772581
+3 0 772581
+6 0 772581
+5 0 772581
+5 0 772581
+2 0 772581
+2 0 772581
+7 0 772581
+4 0 772581
+7 0 772581
+4 0 772581
+4 0 772581
+3 0 772581
+6 0 772581
+3 0 772581
+6 0 851850
+7 0 851850
+4 0 851850
+7 0 851850
+3 0 851850
+2 0 851850
+5 0 851850
+3 0 851850
+3 0 851850
+8 0 2123532
+8 0 2123532
+4 0 2123532
+3 0 2123532
+3 0 2123532
+3 0 2123532
+4 0 2123532
+4 0 2123532
+3 0 2123532
+2 0 2123532
+3 0 2123532
+2 0 2975382
+3 0 2975382
+3 0 2975382
+2 0 851850
+3 0 851850
+6 0 851850
+6 0 851850
+9 0 2123532
+3 0 2123532
+2 0 2123532
+2 0 2123532
+3 0 2123532
+31 0 851850
+3 0 851850
+6 0 851850
+5 0 851850
+3 0 851850
+2 0 851850
+3 0 851850
+3 0 851850
+6 0 851850
+4 0 851850
+3 0 851850
+3 0 851850
+2 0 851850
+4 0 851850
+4 0 851850
+1 0 851850
+1 0 851850
+2 0 851850
+2 0 851850
+2 0 851850
+2 0 851850
+43 0 772581
+3 0 772581
0x3f5ea 0 79269
+6 0 79269
+6 0 79269
+3 0 79269
0x3f72a 0 79269
+3 0 79269
+2 0 79269
+7 0 79269
+7 0 79269
+2 0 79269
+5 0 79269
+4 0 79269

fn=(280)
0x83940 0 3783
+2 0 3783
+4 0 3783
+2 0 3783
+2 0 3783
+4 0 3783
+2 0 3783
+3 0 3783
+1 0 3783
+1 0 3783
+4 0 3783
+7 0 3783
+5 0 3783
+2 0 3783
+4 0 3783
+3 0 3783
-9 0 34047
+2 0 34047
+4 0 34047
+3 0 34047
+2 0 37830
+4 0 37830
+5 0 37830
+2 0 3783
+4 0 3783
+1 0 3783
+1 0 3783
+2 0 3783
+2 0 3783
+2 0 3783
+2 0 3783
+7 0 47700
+6 0 47700
+6 0 24285
+5 0 24285
+5 0 24285
+5 0 24285
+4 0 24285
+7 0 24285
-21 0 23415
+5 0 23415
+5 0 23415
+4 0 23415
+7 0 23415
+2 0 7556
+8 0 7556
+8 0 7556
+5 0 7556
+3 0 7556
+4 0 7556
+4 0 7556
+4 0 7556
+4 0 7556
+4 0 7556
+3 0 7556
-31 0 40144
+5 0 40144
+3 0 40144
+4 0 40144
+4 0 40144
+4 0 40144
+4 0 40144
+4 0 40144
+3 0 40144
-3 0 56
+3 0 56
+2 0 41453
+3 0 41453
+4 0 41453
+2 0 41453
+3 0 41453
+3 0 41453
+5 0 41453
+3 0 41453
-20 0 6303
+4 0 6303
+2 0 6303
+3 0 6303
+3 0 6303
+5 0 6303
+3 0 6303
+6 0 47756
+3 0 47756
+4 0 47756
+4 0 47756
+4 0 47756
+4 0 47756
+4 0 47756
+2 0 47756
+2 0 11979
+3 0 11979
+3 0 11979
+3 0 11979
+4 0 11979
+4 0 11979
+3 0 11979
+2 0 11979
+3 0 11979
+4 0 11979
cfn=(100)
calls=11979 0x83870 0 
* 0 219965
+5 0 11979
+4 0 11979
+5 0 11979
-5 0 35777
+5 0 35777
+6 0 56
+3 0 56
+4 0 56
+4 0 56
+5 0 56
+6 0 23415
+3 0 23415
+4 0 23415
+3 0 23415
cfn=(100)
calls=23415 0x83870 0 
* 0 441722
+5 0 23415
+4 0 23415

fn=(284) readdir
0xc49b0 0 57047
+4 0 57047
+2 0 57047
+5 0 57047
+2 0 57047
+2 0 57047
+1 0 57047
+1 0 57047
+3 0 57047
+4 0 57047
+7 0 57047
+5 0 57047
+7 0 57047
+11 0 57047
+4 0 57047
+25 0 57047
+4 0 57047
+4 0 57047
+5 0 52982
+3 0 52982
+5 0 52982
+3 0 52982
+4 0 52982
+4 0 52982
+4 0 52982
+4 0 52982
+2 0 57047
+4 0 57047
+4 0 57047
+2 0 8126
+4 0 8126
+2 0 8126
+3 0 8126
cfn=(286) __getdents
calls=8126 0xc4970 0 
* 0 48756
+5 0 8126
+3 0 8126
+2 0 4061
+4 0 4061
+6 0 4061
+2 0 4061
+10 0 4065
+2 0 4065
+5 0 4065
+3 0 4065
+7 0 4065
-7 0 52982
+7 0 52982
+10 0 57047
+3 0 57047
+25 0 57047
+4 0 57047
+3 0 57047
+1 0 57047
+1 0 57047
+2 0 57047
+2 0 57047

fn=(316)
0x4fb00 0 530
+4 0 530
+3 0 530
+2 0 530
+7 0 530
+7 0 530
+4 0 530
+3 0 530
0x4fb90 0 530
+10 0 530
+6 0 530
+3 0 530
+3 0 530
+4 0 530
+3 0 530
+4 0 530
+4 0 530
+3 0 530
+3 0 530
+5 0 530
+3 0 530
+3 0 530
+3 0 530
+4 0 530
-45 0 402
+3 0 402
+3 0 402
+4 0 402
+3 0 402
+4 0 402
+4 0 402
+3 0 402
+3 0 402
+5 0 402
+3 0 402
+3 0 402
+3 0 402
+4 0 402
+2 0 530
+3 0 530

fn=(340)
0xf30f0 0 68
+4 0 68
+5 0 68
+2 0 68
+6 0 68
+2 0 68
+7 0 68
+3 0 68
+3 0 68
+2 0 68
+2 0 68

fn=(18)
0x846d0 0 266426
+2 0 266426
+2 0 266426
+2 0 266426
+2 0 266426
+1 0 266426
+1 0 266426
+4 0 266426
+9 0 266426
+5 0 266426
+2 0 266426
+4 0 266426
+3 0 266426
+4 0 266426
+3 0 266426
+3 0 266426
+3 0 266426
+6 0 266426
+3 0 266426
+4 0 266426
+6 0 266426
+4 0 266426
+6 0 266426
+2 0 266426
+6 0 266426
+7 0 266426
+3 0 266426
+4 0 266426
+3 0 266426
+2 0 266426
+4 0 266426
+3 0 266426
+4 0 266426
+7 0 266426
+2 0 209515
+4 0 209515
+4 0 209515
+6 0 209515
+5 0 209515
+7 0 209515
+3 0 209515
+6 0 105867
+7 0 105867
+6 0 47756
+5 0 47756
+4 0 47756
+4 0 47756
+6 0 47756
+4 0 47756
+8 0 47756
+6 0 47756
+6 0 47756
+2 0 47756
+6 0 47756
+9 0 47756
+3 0 47756
+3 0 47756
+7 0 47756
+4 0 47756
+4 0 47756
+2 0 47756
+2 0 47756
+6 0 47756
+3 0 47756
+6 0 47756
+4 0 47756
+4 0 47756
+3 0 47756
+2 0 41453
+3 0 41453
+17 0 266426
+5 0 266426
+9 0 266426
+6 0 266426
+4 0 266426
+1 0 266426
+1 0 266426
+2 0 266426
+2 0 266426
+2 0 266426
+2 0 266426
+11 0 58111
+2 0 58111
+6 0 58111
+7 0 58111
+2 0 58111
+2 0 58111
+11 0 58111
+6 0 58111
+5 0 58111
+5 0 58111
+3 0 58111
+6 0 58111
+6 0 58111
+6 0 58111
+4 0 58111
+2 0 58111
+6 0 58111
+3 0 58111
+4 0 58111
+4 0 58111
+6 0 58111
+8 0 58111
+6 0 58111
+6 0 58111
+2 0 58111
+6 0 58111
+4 0 58111
+2 0 26
+4 0 26
+3 0 26
+3 0 26
+4 0 26
+4 0 26
+3 0 26
+6 0 26
+3 0 26
cfn=(100)
calls=26 0x83870 0 
* 0 507
+5 0 58111
+5 0 58111
+6 0 54920
+6 0 54920
+6 0 1405
+5 0 1405
+5 0 1405
+5 0 1405
+4 0 1405
-14 0 53515
+5 0 53515
+5 0 53515
+4 0 53515
+6 0 54920
+4 0 54920
+4 0 54920
+7 0 54920
+6 0 54920
+5 0 54920
+4 0 54920
+3 0 54920
+4 0 54920
+4 0 54920
+5 0 54920
+7 0 54920
-7 0 3191
+7 0 3191
+6 0 58111
+3 0 58111
+77 0 160559
+7 0 160559
+6 0 160559
+4 0 160559
+3 0 160559
+4 0 160559
+4 0 160559
+4 0 160559
+4 0 160559
+4 0 160559
0x84a70 0 53724
+8 0 53724
+8 0 53724
0x84af8 0 3001
+5 0 3001
+2 0 3001
+6 0 3001
+7 0 3001
+3 0 3001
+65 0 3191
+3 0 3191
+3 0 3191
+4 0 3191
+4 0 3191
+5 0 3191
+93 0 53515
+3 0 53515
+3 0 53515
cfn=(100)
calls=53515 0x83870 0 
* 0 1103728
+5 0 53515
0x84c30 0 58111
+4 0 58111
+4 0 58111
+3 0 58111
+3 0 58111
+58 0 144
+3 0 144
cfn=(280)
calls=144 0x83940 0 
* 0 22773
+5 0 144
0x84d00 0 3001
+5 0 3001
+4 0 3001
+4 0 3001
+7 0 3001
+6 0 807
+7 0 807
cfn=(342) systrim.isra.0.constprop.0
calls=807 0x84600 0 
* 0 27325
+5 0 807

fn=(102) _IO_setb
0x80c00 0 105692
+4 0 105692
+2 0 105692
+3 0 105692
+2 0 105692
+3 0 105692
+1 0 105692
+2 0 105692
+1 0 105692
+3 0 105692
+4 0 105692
+4 0 105692
+2 0 105692
+3 0 105692
+2 0 52846
+2 0 52846
+2 0 105692
+2 0 105692
+3 0 105692
+4 0 105692
+3 0 105692
+2 0 105692
+4 0 105692
+3 0 105692
+2 0 105692
+4 0 105692
+1 0 105692
+1 0 105692
+2 0 105692
+2 0 105692
+7 0 52846
cob=(4)
cfi=(3)
cfn=(170)
calls=52846 0x4893330 0 
* 0 7989118
+5 0 52846
+2 0 52846

fn=(116)
0x161c50 0 1569862
+4 0 1569862
+3 0 1569862
+4 0 1569862
+2 0 1106796
+4 0 1106796
+6 0 123066
+4 0 123066
+6 0 123066
+4 0 123066
+6 0 123066
+3 0 123066
+40 0 463066
+3 0 463066
+2 0 299903
+3 0 299903
+20 0 163163
+4 0 163163
+6 0 163163
+4 0 163163
+6 0 163163
+1 0 299903
+5 0 299903
+3 0 299903
+5 0 299903
+3 0 299903
+31 0 983730
+7 0 983730
+6 0 983730
+7 0 983730
+6 0 983730
+7 0 983730
+2 0 935871
+4 0 935871
+5 0 935871
+5 0 935871
+5 0 935871
+6 0 935871
+6 0 935871
+6 0 935871
+6 0 935871
+4 0 935871
+5 0 935871
+5 0 935871
+5 0 935871
+6 0 935871
+6 0 935871
+6 0 935871
+6 0 935871
+3 0 935871
+1 0 47859
+4 0 47859
+5 0 47859
+6 0 47859
+6 0 47859
+4 0 47859
+5 0 47859
+6 0 47859
+6 0 47859
+3 0 47859

fn=(166) _IO_file_close
0x7dbe0 0 52846
+4 0 52846
+3 0 52846
cfn=(168)
calls=52846 0xf2330 0 
* 0 317076

fn=(22) getpwuid
0xc7de0 0 26423
+4 0 26423
+2 0 26423
+5 0 26423
+2 0 26423
+2 0 26423
+1 0 26423
+1 0 26423
+2 0 26423
+4 0 26423
+9 0 26423
+5 0 26423
+2 0 26423
+7 0 26423
+14 0 26423
+7 0 26423
+28 0 26423
+7 0 26423
+7 0 26423
+3 0 26423
+6 0 26423
+3 0 26423
+7 0 26423
+59 0 26423
+3 0 26423
+3 0 26423
+3 0 26423
+2 0 26423
cfn=(24) getpwuid_r@@GLIBC_2.2.5
calls=26423 0xc8600 0 
* 0 219325316
+5 0 26423
+3 0 26423
+2 0 26423
+8 0 26423
+2 0 26423
+7 0 26423
+13 0 26423
+6 0 26423
+28 0 26423
+5 0 26423
+9 0 26423
+4 0 26423
+2 0 26423
+4 0 26423
+1 0 26423
+1 0 26423
+2 0 26423
+2 0 26423
+2 0 26423

fn=(88)
0x7fb10 0 52846
+4 0 52846
+2 0 52846
+2 0 52846
+6 0 52846
+2 0 52846
+2 0 52846
+2 0 52846
+1 0 52846
+1 0 52846
+3 0 52846
+2 0 52846
+6 0 52846
+4 0 52846
+4 0 52846
+6 0 52846
+5 0 52846
+6 0 52846
+7 0 52846
+7 0 52846
+3 0 52846
+5 0 52846
0x7fc10 0 52846
+3 0 52846
cfn=(104) _IO_switch_to_get_mode
calls=52846 0x80860 0 
* 0 1321150
+5 0 52846
+7 0 52846
+4 0 52846
+3 0 52846
+4 0 52846
+3 0 52846
+4 0 52846
+4 0 52846
+4 0 52846
+4 0 52846
+4 0 52846
+3 0 52846
+6 0 52846
+4 0 52846
+3 0 52846
+3 0 52846
cfn=(106)
calls=52846 0x7ef40 0 
* 0 634152
+4 0 52846
+3 0 52846
+2 0 52846
+7 0 52846
+4 0 52846
+4 0 52846
+12 0 52846
+4 0 52846
+3 0 52846
+1 0 52846
+1 0 52846
+2 0 52846
+2 0 52846
+2 0 52846
0x7fd10 0 52846
+4 0 52846
+3 0 52846
+13 0 52846
+3 0 52846
cfn=(90) _IO_doallocbuf
calls=52846 0x80c60 0 
* 0 27037973
+5 0 52846
+2 0 52846

fn=(90)
0x80c60 0 52846
+4 0 52846
+5 0 52846
+7 0 52846
+2 0 52846
+1 0 52846
+1 0 52846
+2 0 52846
+3 0 52846
+2 0 52846
+12 0 52846
+7 0 52846
+7 0 52846
+7 0 52846
+3 0 52846
+3 0 52846
+3 0 52846
+3 0 52846
+2 0 52846
+3 0 52846
cfn=(92) _IO_file_doallocate
calls=52846 0x726a0 0 
* 0 25663977
+3 0 52846
+3 0 52846
+44 0 52846
+1 0 52846
+1 0 52846
+2 0 52846

fn=(92)
0x726a0 0 52846
+4 0 52846
+2 0 52846
+1 0 52846
+3 0 52846
+1 0 52846
+7 0 52846
+9 0 52846
+8 0 52846
+2 0 52846
+3 0 52846
+2 0 52846
+6 0 52846
+7 0 52846
+7 0 52846
+7 0 52846
+3 0 52846
+3 0 52846
+3 0 52846
+3 0 52846
+6 0 52846
+3 0 52846
+3 0 52846
cfn=(94)
calls=52846 0x7e960 0 
* 0 845536
+6 0 52846
+2 0 52846
+2 0 52846
+4 0 52846
+5 0 52846
+5 0 52846
+6 0 52846
+5 0 52846
+4 0 52846
+6 0 52846
+2 0 52846
+3 0 52846
cob=(4)
cfi=(3)
cfn=(40)
calls=52846 0x4893310 0 
* 0 20643607
+5 0 52846
+3 0 52846
+3 0 52846
+2 0 52846
+4 0 52846
+5 0 52846
+3 0 52846
cfn=(102)
calls=52846 0x80c00 0 
* 0 1479688
+5 0 52846
+5 0 52846
+8 0 52846
+9 0 52846
+6 0 52846
+7 0 52846
+1 0 52846
+1 0 52846
+2 0 52846

fn=(162)
0x7f1e0 0 52846
+4 0 52846
+2 0 52846
+1 0 52846
+1 0 52846
+4 0 52846
+4 0 52846
+6 0 52846
+2 0 52846
+3 0 52846
+2 0 52846
+5 0 52846
+5 0 52846
+6 0 52846
+3 0 52846
+3 0 52846
cfn=(164)
calls=52846 0x82050 0 
* 0 317076
+5 0 52846
+4 0 52846
+2 0 52846
+7 0 52846
+7 0 52846
+7 0 52846
+3 0 52846
+3 0 52846
+3 0 52846
+3 0 52846
+6 0 52846
+3 0 52846
cfn=(166)
calls=52846 0x7dbe0 0 
* 0 475614
+8 0 52846
+3 0 52846
+6 0 52846
+2 0 52846
+92 0 52846
+2 0 52846
+2 0 52846
+2 0 52846
+3 0 52846
cfn=(102)
calls=52846 0x80c00 0 
* 0 9733036
+5 0 52846
+8 0 52846
+3 0 52846
+8 0 52846
+8 0 52846
+8 0 52846
+8 0 52846
+8 0 52846
cfn=(158)
calls=52846 0x80370 0 
* 0 211384
+5 0 52846
+3 0 52846
+6 0 52846
+7 0 52846
+4 0 52846
+11 0 52846
+3 0 52846
+1 0 52846
+1 0 52846
+2 0 52846

fn=(342)
0x84600 0 807
+2 0 807
+2 0 807
+1 0 807
+1 0 807
+4 0 807
+7 0 807
+4 0 807
+4 0 807
+4 0 807
+3 0 807
+2 0 807
+7 0 807
+3 0 807
+4 0 807
+3 0 807
+3 0 807
+3 0 807
+2 0 55
+7 0 55
+2 0 55
cfn=(336)
calls=55 0x89130 0 
* 0 1485
+4 0 55
+3 0 55
+7 0 55
+3 0 55
+3 0 55
+2 0 752
+2 0 752
+4 0 752
+1 0 752
+1 0 752
+2 0 752
+2 0 752
-10 0 55
+4 0 55
+1 0 55
+1 0 55
+2 0 55
+2 0 55
+10 0 55
+3 0 55
+3 0 55
cfn=(336)
calls=55 0x89130 0 
* 0 2695
+4 0 55
+7 0 55
+3 0 55
+3 0 55
+2 0 55
+2 0 55
cfn=(336)
calls=55 0x89130 0 
* 0 1485
+4 0 55
+3 0 55
+2 0 55
+3 0 55
+2 0 55
+7 0 55
+3 0 55
+7 0 55
+4 0 55
+4 0 55
+5 0 55

fn=(374) __unregister_atfork
0x1098f0 0 3
+4 0 3
+3 0 3
+5 0 3
+2 0 3
+7 0 3
+14 0 3
+7 0 3
+28 0 3
+7 0 3
+3 0 3
0x1099eb 0 3
+7 0 3
+13 0 3
+6 0 3
+28 0 3

fn=(36)
0x73240 0 52846
+4 0 52846
+5 0 52846
cfn=(38)
calls=52846 0x73140 0 
* 0 25049004

fn=(54)
0x7f420 0 52846
+4 0 52846
+2 0 52846
+2 0 52846
+1 0 52846
+3 0 52846
+1 0 52846
+3 0 52846
+3 0 52846
+2 0 52846
+2 0 52846
+4 0 52846
+14 0 52846
+3 0 52846
+6 0 52846
+2 0 52846
+2 0 52846
+6 0 52846
+4 0 52846
+5 0 52846
+6 0 52846
+2 0 52846
+2 0 52846
+6 0 52846
+59 0 52846
+3 0 52846
cfn=(50)
calls=52846 0x80390 0 
* 0 898382
+5 0 52846
+3 0 52846
+1 0 52846
+1 0 52846
+2 0 52846
+49 0 52846
cfn=(56) __open_nocancel
calls=52846 0xf2480 0 
* 0 1426842
+5 0 52846
+3 0 52846

fn=(56)
0xf2480 0 56907
+4 0 56907
+4 0 56907
+3 0 56907
+3 0 56907
+3 0 56907
+5 0 56907
+9 0 56907
+5 0 56907
+2 0 56907
+4 0 56907
+2 0 56907
+2 0 56907
+5 0 56907
+5 0 56907
+2 0 56907
+3 0 56907
+3 0 56907
+5 0 56907
+5 0 56907
+2 0 56907
+6 0 56907
+2 0 56907
+5 0 56907
+9 0 56907
+2 0 56907
+4 0 56907

fn=(58)
0x8bf90 0 52846
+4 0 52846
+2 0 52846
+3 0 52846
+2 0 52846
+2 0 52846
+2 0 52846
+3 0 52846
+1 0 52846
+1 0 52846
+4 0 52846
+3 0 52846
+9 0 52846
+5 0 52846
+2 0 52846
+3 0 52846
+2 0 52846
cob=(4)
cfi=(3)
cfn=(60)
calls=52846 0x4893470 0 
* 0 1268304
+5 0 52846
+3 0 52846
+3 0 52846
0x8c030 0 52846
+5 0 52846
+9 0 52846
+6 0 52846
+4 0 52846
+3 0 52846
+1 0 52846
+1 0 52846
+2 0 52846
+2 0 52846
+2 0 52846
+2 0 52846

fn=(100)
0x83870 0 154437
+4 0 154437
+4 0 154437
+3 0 154437
+4 0 154437
+4 0 154437
+6 0 154437
+4 0 154437
+4 0 154437
+4 0 154437
+2 0 154437
+4 0 154437
+2 0 154437
+4 0 154437
+4 0 154437
+7 0 154437
+2 0 107547
+4 0 107547
+3 0 107547
+2 0 54319
+4 0 54319
+2 0 54319
+4 0 54319
+4 0 54319
+2 0 54319
+5 0 54319
+2 0 54318
+4 0 54318
+4 0 54318
+4 0 54318
+4 0 54318
-4 0 100119
+4 0 100119
+2 0 1
+3 0 1
+45 0 1
+4 0 1
+4 0 1

fn=(172)
0x7f380 0 52846
+4 0 52846
+1 0 52846
+3 0 52846
+1 0 52846
+4 0 52846
+4 0 52846
+89 0 52846
+4 0 52846
+3 0 52846
+2 0 52846
+1 0 52846
+1 0 52846
cfn=(174)
calls=52846 0x813d0 0 
* 0 845536

fn=(220)
0x15ec40 0 416132
+4 0 416132
+2 0 416132
+3 0 416132
+4 0 416132
+3 0 416132
+3 0 416132
+45 0 416132
+3 0 416132
+4 0 416132
+4 0 416132
+4 0 416132
+2 0 416132
+2 0 416132
+2 0 299903
+4 0 299903
+3 0 299903
+3 0 299903
+3 0 299903
+3 0 299903
+11 0 116229
+4 0 116229
+4 0 116229
+4 0 116229
+2 0 116229
0x15ed50 0 116229
+4 0 116229
+3 0 116229
+3 0 116229
+3 0 116229

fn=(278)
0xc45b0 0 4061
+4 0 4061
+2 0 4061
+3 0 4061
+2 0 4061
+3 0 4061
+1 0 4061
+2 0 4061
+1 0 4061
+4 0 4061
+3 0 4061
+6 0 4061
+5 0 4061
+5 0 4061
+3 0 4061
+2 0 4061
+9 0 4061
+5 0 4061
+6 0 4061
+5 0 4061
+7 0 4061
+4 0 4061
+4 0 4061
cob=(4)
cfi=(3)
cfn=(40)
calls=4061 0x4893310 0 
* 0 4776295
+5 0 4061
+3 0 4061
+3 0 4061
+2 0 4061
+4 0 4061
+9 0 4061
+5 0 4061
+9 0 4061
+9 0 4061
+9 0 4061
+9 0 4061
+4 0 4061
+3 0 4061
+1 0 4061
+1 0 4061
+2 0 4061
+2 0 4061

fn=(322)
0x133790 0 530
+4 0 530
+2 0 530
+2 0 530
+2 0 530
+1 0 530
+1 0 530
+7 0 530
+6 0 530
+3 0 530
+7 0 530
+2 0 530
+3 0 530
+3 0 530
+3 0 530
+3 0 530
+5 0 530
cfn=(324)
calls=530 0x132c50 0 
* 0 44520
+5 0 530
+3 0 530
+2 0 530
+77 0 530
+6 0 530
+5 0 530
+1 0 530
+3 0 530
+1 0 530
+2 0 530
+2 0 530
+2 0 530

fn=(330)
0x130770 0 265
+4 0 265
+2 0 265
+2 0 265
+3 0 265
+2 0 265
+3 0 265
+1 0 265
+3 0 265
+2 0 265
+1 0 265
+3 0 265
+5 0 265
+4 0 265
+9 0 265
+5 0 265
+2 0 265
+5 0 265
+5 0 265
cfn=(316)
calls=265 0x4fb00 0 
* 0 9704
+5 0 265
+5 0 265
+3 0 265
+3 0 265
+4 0 265
+3 0 265
+5 0 265
+3 0 265
+2 0 265
+3 0 265
cfn=(332)
calls=265 0x1300a0 0 
* 0 53265
+5 0 265
+1 0 265
+1 0 265
+5 0 265
+9 0 265
+2 0 265
+4 0 265
+1 0 265
+1 0 265
+2 0 265
+2 0 265

fn=(292) closedir
0xc47f0 0 4065
+4 0 4065
+3 0 4065
+2 0 4065
+1 0 4065
+2 0 4065
cob=(4)
cfi=(3)
cfn=(170)
calls=4065 0x4893330 0 
* 0 598556
+5 0 4065
+2 0 4065
+1 0 4065
cfn=(168)
calls=4065 0xf2330 0 
* 0 24390

fn=(372)
0x3d310 0 3
+4 0 3
+2 0 3
+5 0 3
+2 0 3
+2 0 3
+2 0 3
+2 0 3
+1 0 3
+3 0 3
+1 0 3
+4 0 3
+7 0 3
+7 0 3
+12 0 3
+5 0 3
+25 0 3
+7 0 3
+3 0 3
+6 0 3
+4 0 3
+4 0 3
+4 0 3
+5 0 3
+3 0 3
+2 0 3
0x3d460 0 3
+3 0 3
+3 0 3
+6 0 3
+7 0 3
+3 0 3
+2 0 3
+8 0 3
+4 0 3
+4 0 3
+4 0 3
+5 0 3
+3 0 3
+2 0 3
+46 0 3
+3 0 3
+3 0 3
+2 0 3
+3 0 3
+2 0 3
+3 0 3
cfn=(374)
calls=3 0x1098f0 0 
* 0 48
+5 0 3
+7 0 3
+11 0 3
+4 0 3
+25 0 3
+4 0 3
+1 0 3
+1 0 3
+2 0 3
+2 0 3
+2 0 3
+2 0 3

fn=(418)
0x818a0 0 1
+4 0 1
+2 0 1
+2 0 1
+2 0 1
+2 0 1
+2 0 1
+1 0 1
+1 0 1
+4 0 1
+9 0 1
+5 0 1
+2 0 1
cfn=(420)
calls=1 0x81590 0 
* 0 115
+5 0 1
+7 0 1
+3 0 1
+3 0 1
+42 0 1
+9 0 1
+7 0 1
+2 0 1
+5 0 1
+2 0 1
+7 0 1
+14 0 1
+7 0 1
+28 0 1
+7 0 1
+6 0 1
+7 0 1
+3 0 1
+6 0 1
+3 0 1
+6 0 1
+7 0 1
+7 0 1
+9 0 1
+3 0 1
+4 0 1
+11 0 3
+11 0 3
+4 0 3
+3 0 3
+6 0 3
+3 0 3
+3 0 3
+2 0 2
+7 0 2
+2 0 2
0x81ac0 0 1
+6 0 1
+3 0 1
+6 0 1
+2 0 1
+2 0 1
+11 0 1
+7 0 1
+13 0 1
+6 0 1
+28 0 1
+3 0 1
+2 0 1
+5 0 1
+9 0 1
+6 0 1
+4 0 1
+3 0 1
+1 0 1
+1 0 1
+2 0 1
+2 0 1
+2 0 1
+2 0 1
+18 0 1
+9 0 1
+7 0 1
+5 0 1

fn=(24)
0xc8600 0 26423
+4 0 26423
+2 0 26423
+2 0 26423
+3 0 26423
+2 0 26423
+3 0 26423
+2 0 26423
+3 0 26423
+1 0 26423
+3 0 26423
+1 0 26423
+4 0 26423
+5 0 26423
+9 0 26423
+5 0 26423
+2 0 26423
+6 0 26423
+2 0 26423
+6 0 26423
+3 0 26423
+3 0 26423
+6 0 26158
+6 0 26158
+7 0 26158
-7 0 265
+7 0 265
+6 0 26423
+7 0 26423
+4 0 26423
+9 0 26423
+5 0 26423
+7 0 26423
+4 0 26423
+9 0 26423
+4 0 26423
+5 0 26423
+3 0 26423
+3 0 26423
+4 0 26423
+4 0 26423
+2 0 26423
+6 0 26423
+7 0 26423
+9 0 26423
+8 0 26423
+9 0 26423
+4 0 26423
+3 0 26423
+12 0 26423
+4 0 26423
+2 0 26423
+42 0 26423
+3 0 26423
+2 0 26423
+5 0 26423
+3 0 26423
+5 0 26423
+7 0 26423
cfn=(176)
calls=26423 0x11eb70 0 
* 0 739844
+5 0 26423
+2 0 26423
+6 0 26423
+5 0 26423
cfn=(26)
calls=26423 0x136860 0 
* 0 158538
+5 0 26423
+3 0 26423
+3 0 26423
+3 0 26423
+3 0 26423
+3 0 26423
cob=(3)
cfi=(4)
cfn=(28)
calls=26423 0x6d20 0 
* 0 215474053
+4 0 26423
+2 0 26423
+3 0 26423
+72 0 265
+10 0 265
+7 0 265
+6 0 265
+5 0 265
+3 0 265
+3 0 265
+3 0 265
+3 0 265
cfn=(314)
calls=265 0x130010 0 
* 0 69859
+5 0 265
+4 0 265
+2 0 265
+13 0 26423
+5 0 26423
+9 0 26423
+6 0 26423
+4 0 26423
+4 0 26423
+1 0 26423
+1 0 26423
+2 0 26423
+2 0 26423
+2 0 26423
+2 0 26423
+10 0 26423
+5 0 26423
+3 0 26423
+2 0 26423
+5 0 26423
+57 0 26423
+5 0 26423
cob=(4)
cfi=(3)
cfn=(170)
calls=26423 0x4893330 0 
* 0 317076
+5 0 26423
+5 0 26423
+3 0 26423
0xc8968 0 26423
+3 0 26423
+4 0 26423
+4 0 26423
+3 0 26423

fn=(274) opendir
0xc47b0 0 4061
+4 0 4061
+3 0 4061
+2 0 4061
+4 0 4061
+5 0 4061
+2 0 4061
cfn=(56)
calls=4061 0xf2480 0 
* 0 109647
+5 0 4061
+4 0 4061
+2 0 4061
cfn=(276)
calls=4061 0xc46c0 0 
* 0 5113358

fn=(286)
0xc4970 0 8126
+4 0 8126
+5 0 8126
+2 0 8126
+6 0 8126
+2 0 8126

fn=(104)
0x80860 0 52846
+4 0 52846
+1 0 52846
+1 0 52846
+3 0 52846
+4 0 52846
+4 0 52846
+4 0 52846
+57 0 52846
+2 0 52846
+3 0 52846
+2 0 52846
+4 0 52846
+4 0 52846
+4 0 52846
+6 0 52846
+3 0 52846
+4 0 52846
+2 0 52846
+4 0 52846
+4 0 52846
+2 0 52846
+4 0 52846
+1 0 52846
+1 0 52846

fn=(140)
0xc8a00 0 217859
+4 0 217859
+2 0 217859
+2 0 217859
+1 0 217859
+3 0 217859
+5 0 217859
+1 0 217859
+3 0 217859
+4 0 217859
+9 0 217859
+5 0 217859
+2 0 217859
cob=(4)
cfi=(3)
cfn=(60)
calls=217859 0x4893470 0 
* 0 7443804
+5 0 217859
+3 0 217859
+2 0 217859
+3 0 217859
+4 0 217859
+3 0 217859
+2 0 217859
+9 0 1561973
+4 0 1561973
+4 0 1561973
+2 0 1561973
+2 0 1779832
+2 0 1779832
+2 0 217859
+2 0 217859
+2 0 217859
+3 0 217859
+4 0 217859
+3 0 217859
+16 0 217859
+4 0 217859
+3 0 217859
+2 0 217859
+2 0 217859
+2 0 217859
+2 0 217859
+3 0 217859
+4 0 217859
+4 0 217859
+2 0 217859
+2 0 217859
+2 0 217859
+2 0 217859
+2 0 217859
+2 0 217859
+3 0 217859
+4 0 217859
+4 0 217859
+3 0 217859
+3 0 217859
+2 0 217859
+13 0 217859
+5 0 217859
+9 0 217859
+6 0 217859
+4 0 217859
+1 0 217859
+1 0 217859
+2 0 217859
+2 0 217859
0xc8ba3 0 217859
+4 0 217859
+3 0 217859
+2 0 217859
+4 0 2741637
+4 0 2741637
+4 0 2741637
+2 0 2741637
+2 0 2959496
+3 0 2959496
+2 0 217859
+2 0 217859
+2 0 217859
+3 0 217859
+4 0 217859
+4 0 217859
+3 0 217859
+2 0 217859
+11 0 1082458
+4 0 1082458
+4 0 1082458
+2 0 1082458
+2 0 1300317
+3 0 1300317
+2 0 217859
+2 0 217859
+2 0 217859
+3 0 217859
+4 0 217859
+4 0 217859
+5 0 217859
+11 0 217859
+3 0 217859
+5 0 217859
+3 0 217859
+3 0 217859
cfn=(142)
calls=217859 0x3ee40 0 
* 0 31192124
+5 0 217859
+5 0 217859
+4 0 217859
+3 0 217859
+4 0 217859
+3 0 217859
+3 0 217859
+6 0 217859
+5 0 217859
+2 0 217859
+10 0 217859
+5 0 217859
+3 0 217859
+3 0 217859
cfn=(142)
calls=217859 0x3ee40 0 
* 0 31322027
+5 0 217859
+5 0 217859
+3 0 217859
+4 0 217859
+3 0 217859
+4 0 217859
+3 0 217859
+6 0 217859
+3 0 217859
+3 0 217859
+6 0 217859
+4 0 217859
+14 0 217859
+4 0 217859

ob=(1)
fl=(2)
fn=(2) ft_putchar_fd
0x3b70 0 1873282
+1 0 1873282
+3 0 1873282
+4 0 1873282
+3 0 1873282
+9 0 1873282
+4 0 1873282
+3 0 1873282
+3 0 1873282
+3 0 1873282
+4 0 1873282
+5 0 1873282
cob=(2)
cfi=(1)
cfn=(0)
calls=1873282 0xed1e0 0 
* 0 18732820
* 0 1873282
cob=(2)
cfi=(1)
cfn=(0)
calls=1 0xed200 0 
+4 0 3
+5 0 1873283
+9 0 1873283
+4 0 1873283
+3 0 1873283
+4 0 1873283
+6 0 1873283
+4 0 1873283
+1 0 1873283

fn=(244) ft_print_time
0x2950 0 26423
+1 0 26423
+3 0 26423
+4 0 26423
+4 0 26423
+4 0 26423
+4 0 26423
+2 0 26423
+3 0 26423
+3 0 26423
+4 0 26423
+6 0 26423
+4 0 26423
+2 0 26423
+3 0 26423
+3 0 26423
+24 0 26423
+4 0 26423
+4 0 26423
cfn=(246) print_time_str
calls=26423 0x2920 0 
* 0 32103945
+5 0 26423
+5 0 26423
+4 0 26423
+1 0 26423

fn=(246)
0x2920 0 26423
+1 0 26423
+3 0 26423
+4 0 26423
+4 0 26423
+7 0 26423
+2 0 26423
cfn=(8) ft_print_f
calls=26423 0x2640 0 
* 0 31813292
+5 0 26423
+3 0 26423
+4 0 26423
+1 0 26423

fn=(260) ft_putendl
0x3bd0 0 34022
+1 0 34022
+3 0 34022
+4 0 34022
+4 0 34022
+4 0 34022
+5 0 34022
cfn=(262) ft_putendl_fd
calls=34022 +11 0 
* 0 2099893
+5 0 34022
+4 0 34022
+1 0 34022

fn=(344)
0x2589 0 1
+7 0 1
+6 0 1
+3 0 1
+6 0 1
+3 0 1
+5 0 1
cfn=(268) ft_dirs
calls=1 0x1883 0 
+74 0 1052420132
+75 0 1
+6 0 1
+5 0 1
+10 0 1
+6 0 1
+9 0 1
+4 0 1
+3 0 1
+6 0 1
+6 0 1
+6 0 1
+7 0 1
+1 0 1

fn=(366) 0x00000000000011a0
0x11a0 0 1
+4 0 1
+7 0 1
+2 0 1
+1 0 1
+8 0 1
+3 0 1
+2 0 1
+7 0 1
cob=(2)
cfi=(1)
cfn=(372)
calls=1 0x3d310 0 
* 0 75
+6 0 1
cfn=(378) 0x0000000000001130
calls=1 0x1130 0 
* 0 5
+5 0 1
+7 0 1
+1 0 1

fn=(262)
0x3bf0 0 34022
+1 0 34022
+3 0 34022
+4 0 34022
+4 0 34022
+3 0 34022
+4 0 34022
+3 0 34022
cfn=(4) ft_putstr_fd
calls=34022 0x3d20 0 
* 0 568903
+5 0 34022
+3 0 34022
+5 0 34022
cfn=(2)
calls=34022 0x3b70 0 
* 0 1054682
+5 0 34022
+4 0 34022
+1 0 34022

fn=(310) ft_sort_ins
0x3650 0 1509
+1 0 1509
+3 0 1509
+7 0 1509
+9 0 1509
+4 0 1509
+7 0 1509
+7 0 1509
+6 0 1509
+6 0 1509
+7 0 1509
cfn=(260)
calls=1509 0x3bd0 0 
* 0 294255
+5 0 1509
+6 0 1509
+3 0 1509
+6 0 1509
+6 0 1509
+6 0 1509
-12 0 17923
+6 0 17923
+6 0 17923
+6 0 17923
+7 0 17923
+7 0 17923
+7 0 17923
+3 0 17923
+7 0 17923
+3 0 17923
+3 0 17923
+5 0 17923
cob=(2)
cfi=(1)
cfn=(116)
calls=17923 0x161c50 0 
* 0 537690
* 0 17923
+5 0 17923
+7 0 17923
+4 0 17923
+7 0 17923
+2 0 17923
+2 0 17923
+6 0 17923
+6 0 17923
+6 0 17923
-22 0 900025
+2 0 900025
+2 0 900025
+6 0 900025
+6 0 900025
+6 0 900025
+6 0 900025
+7 0 900025
+7 0 900025
+6 0 900025
+6 0 900025
cfn=(306) ft_sort_comp
calls=900025 0x3580 0 
* 0 138185181
+5 0 900025
+3 0 900025
+4 0 900025
+7 0 900025
+6 0 900025
+2 0 900025
-8 0 17923
+6 0 17923
+2 0 17923
+6 0 17923
+5 0 900025
+7 0 900025
+6 0 900025
+3 0 900025
+3 0 900025
+7 0 900025
+3 0 900025
+7 0 900025
+7 0 900025
+7 0 900025
+3 0 900025
+3 0 900025
+3 0 900025
+5 0 900025
cob=(2)
cfi=(1)
cfn=(116)
calls=900025 0x161c50 0 
* 0 27000750
* 0 900025
+5 0 900025
+6 0 900025
+3 0 900025
+6 0 900025
+5 0 17923
+7 0 17923
+6 0 17923
+3 0 17923
+3 0 17923
+7 0 17923
+3 0 17923
+7 0 17923
+3 0 17923
+3 0 17923
+5 0 17923
cob=(2)
cfi=(1)
cfn=(116)
calls=17923 0x161c50 0 
* 0 537690
* 0 17923
+5 0 17923
+6 0 17923
+3 0 17923
+6 0 17923
+5 0 1509
+9 0 1509
+4 0 1509
+3 0 1509
+6 0 1509
+7 0 1509
+1 0 1509

fn=(242) ft_strcpy
0x3e40 0 54838
+1 0 54838
+3 0 54838
+4 0 54838
+4 0 54838
+8 0 54838
+4 0 54838
+4 0 54838
+4 0 54838
+4 0 54838
+3 0 54838
+4 0 54838
+4 0 54838
+5 0 54838
-24 0 138097
+4 0 138097
+4 0 138097
+3 0 138097
+4 0 138097
+4 0 138097
+5 0 138097
+6 0 138097
+4 0 138097
+4 0 138097
+3 0 138097
+4 0 138097
+4 0 138097
+3 0 138097
+5 0 54838
+4 0 54838
+4 0 54838
+4 0 54838
+4 0 54838
+1 0 54838

fn=(12) ft_print_lst
0x2d80 0 26422
+1 0 26422
+3 0 26422
+7 0 26422
+4 0 26422
+4 0 26422
+3 0 26422
+4 0 26422
+4 0 26422
cfn=(266) ft_print_perm
calls=26422 0x29c0 0 
* 0 25974075
+5 0 26422
+4 0 26422
+4 0 26422
+2 0 26422
+2 0 26422
cfn=(230) ft_itoa
calls=26422 0x3970 0 
* 0 7664755
+5 0 26422
+4 0 26422
+7 0 26422
+3 0 26422
+2 0 26422
cfn=(8)
calls=26422 0x2640 0 
* 0 6530626
cfn=(8)
calls=1 0x2907 0 
+4 0 130
+5 0 26423
+4 0 26423
+3 0 26423
cob=(2)
cfi=(1)
cfn=(16)
calls=26423 0x87c70 0 
* 0 2212191
* 0 26423
+5 0 26423
+4 0 26423
+3 0 26423
cob=(2)
cfi=(1)
cfn=(22)
calls=26423 0xc7de0 0 
* 0 220567197
* 0 26423
+5 0 26423
+4 0 26423
+5 0 26423
+6 0 26423
+4 0 26423
+3 0 26423
+7 0 26423
+2 0 26423
cfn=(8)
calls=26423 0x2640 0 
* 0 11005320
+5 0 26423
+3 0 26423
+50 0 26423
+4 0 26423
+3 0 26423
cob=(2)
cfi=(1)
cfn=(180)
calls=26423 0xc5b80 0 
* 0 272163787
* 0 26423
+5 0 26423
+4 0 26423
+4 0 26423
+2 0 26423
+3 0 26423
+3 0 26423
+6 0 26423
+5 0 26423
+6 0 26423
+4 0 26423
+3 0 26423
+7 0 26423
+2 0 26423
cfn=(8)
calls=26423 0x2640 0 
* 0 11005320
+5 0 26423
+3 0 26423
+50 0 26423
+5 0 26423
+4 0 26423
+4 0 26423
+2 0 26423
+2 0 26423
cfn=(230)
calls=26423 0x3970 0 
* 0 13162442
+5 0 26423
+4 0 26423
+7 0 26423
+3 0 26423
+2 0 26423
cfn=(8)
calls=26423 0x2640 0 
* 0 9743958
+5 0 26423
+4 0 26423
+3 0 26423
cob=(2)
cfi=(1)
cfn=(16)
calls=26423 0x87c70 0 
* 0 2210347
* 0 26423
+5 0 26423
+4 0 26423
+4 0 26423
+4 0 26423
+3 0 26423
+6 0 26423
+4 0 26423
+3 0 26423
+4 0 26423
+3 0 26423
+4 0 26423
* 0 475614
+3 0 26423
+4 0 26423
cfn=(244)
calls=26423 0x2950 0 
* 0 32711674
+5 0 26423
+4 0 26423
+3 0 26423
+5 0 26423
+4 0 26423
+3 0 26423
+4 0 26423
+4 0 26423
+3 0 26423
+4 0 26423
* 0 607729
+3 0 26423
+4 0 26423
cfn=(250) ft_print_def
calls=26423 0x2c20 0 
* 0 30500847
+5 0 26423
+5 0 26423
+3 0 26423
+2 0 26423
+7 0 26423
+1 0 26423

fn=(248) ft_putchar
0x3b40 0 438596
+1 0 438596
+3 0 438596
+4 0 438596
+3 0 438596
+3 0 438596
+4 0 438596
+5 0 438596
cfn=(2)
calls=438596 +25 0 
* 0 13596476
+5 0 438596
+4 0 438596
+1 0 438596

fn=(302) ft_sort_tim
0x3870 0 2030
+1 0 2030
+3 0 2030
+4 0 2030
+4 0 2030
+4 0 2030
+3 0 2030
+3 0 2030
cfn=(304) ft_pow2
calls=2030 0x3820 0 
* 0 111647
+5 0 2030
+3 0 2030
+25 0 2030
+3 0 2030
cfn=(304)
calls=2030 0x3820 0 
* 0 111647
+5 0 2030
+3 0 2030
+7 0 2030
+3 0 2030
+3 0 2030
+3 0 2030
-9 0 1509
+3 0 1509
+3 0 1509
+3 0 1509
+6 0 1509
+4 0 1509
+4 0 1509
+3 0 1509
+4 0 1509
+4 0 1509
+4 0 1509
+4 0 1509
+4 0 1509
+4 0 1509
+4 0 1509
+4 0 1509
+3 0 1509
+4 0 1509
+3 0 1509
+3 0 1509
+3 0 1509
+3 0 1509
cfn=(306)
calls=1509 0x3580 0 
* 0 232927
+5 0 1509
+4 0 1509
+4 0 1509
+3 0 1509
+2 0 1509
cfn=(310)
calls=1509 0x3650 0 
* 0 199745448
+5 0 1509
+3 0 1509
+3 0 1509
+3 0 1509
+5 0 2030
+4 0 2030
+1 0 2030

fn=(4)
0x3d20 0 304340
+1 0 304340
+3 0 304340
+4 0 304340
+4 0 304340
+3 0 304340
+4 0 304340
+3 0 304340
-7 0 1400665
+4 0 1400665
+3 0 1400665
+6 0 1400664
+4 0 1400664
+3 0 1400664
+4 0 1400664
+4 0 1400664
+2 0 1400664
+3 0 1400664
+3 0 1400664
cfn=(2)
calls=1400664 0x3b70 0 
* 0 43420584
cfn=(2)
calls=1 0x3bb9 0 
+4 0 11
+5 0 1400665
+5 0 304341
+4 0 304341
+1 0 304341

fn=(264) ft_prints
0x2f60 0 2030
+1 0 2030
+3 0 2030
+7 0 2030
+4 0 2030
+4 0 2030
+4 0 2030
+2 0 2030
+5 0 2030
+3 0 2030
+6 0 2030
+4 0 2030
+2 0 2030
+6 0 2030
+3 0 2030
+6 0 2030
+4 0 2030
+2 0 2030
+6 0 2030
+3 0 2030
+6 0 2030
+4 0 2030
+2 0 2030
+6 0 2030
+3 0 2030
+6 0 2030
+7 0 2030
+2 0 2030
cfn=(8)
calls=2030 0x2640 0 
* 0 292320
+5 0 2030
+4 0 2030
+7 0 2030
+7 0 2030
+3 0 2030
+2 0 2030
cfn=(8)
calls=2030 0x2640 0 
* 0 6270784
+5 0 2030
+3 0 2030
+4 0 2030
+2 0 2030
+3 0 2030
+3 0 2030
+6 0 2030
+4 0 2030
+2 0 2030
+6 0 2030
+3 0 2030
+6 0 2030
+4 0 2030
+4 0 2030
+7 0 2030
+7 0 2030
+2 0 2030
cfn=(8)
calls=2030 0x2640 0 
* 0 1261358
+5 0 2030
+3 0 2030
+4 0 2030
+2 0 2030
+6 0 2030
+2 0 2030
+4 0 2030
+2 0 2030
+3 0 2030
+4 0 2030
+2 0 2030
+3 0 2030
+3 0 2030
+6 0 2030
+4 0 2030
+2 0 2030
+6 0 2030
+3 0 2030
+6 0 2030
+4 0 2030
+2 0 2030
+3 0 2030
+15 0 2030
+3 0 2030
+3 0 2030
+3 0 2030
+2 0 2030
+3 0 2030
+3 0 2030
+3 0 2030
-14 0 26423
+3 0 26423
+2 0 26423
+3 0 26423
+3 0 26423
+3 0 26423
+6 0 26422
+4 0 26422
+2 0 26422
+3 0 26422
+3 0 26422
+6 0 26422
+4 0 26422
+2 0 26422
+6 0 26422
+3 0 26422
+6 0 26422
+3 0 26422
+3 0 26422
+3 0 26422
+14 0 26422
+3 0 26422
+3 0 26422
+4 0 26422
+2 0 26422
+5 0 26422
+3 0 26422
+71 0 26422
+4 0 26422
+2 0 26422
+3 0 26422
+3 0 26422
+77 0 26422
+4 0 26422
+2 0 26422
+3 0 26422
+3 0 26422
+6 0 26422
+4 0 26422
+4 0 26422
+4 0 26422
+7 0 26422
+3 0 26422
+3 0 26422
+5 0 26422
+4 0 26422
+3 0 26422
+4 0 26422
+4 0 26422
+3 0 26422
+3 0 26422
* 0 607706
+3 0 26422
+4 0 26422
cfn=(12)
calls=26422 0x2d80 0 
* 0 649220920
cfn=(12)
calls=1 0x2f49 0 
+4 0 10219
+5 0 26423
+3 0 26423
+5 0 26423
+5 0 2031
+5 0 2031
+7 0 2031
+1 0 2031

fn=(300) ft_sorts
0x3940 0 2030
+1 0 2030
+3 0 2030
+4 0 2030
+4 0 2030
+4 0 2030
+4 0 2030
+4 0 2030
+4 0 2030
+2 0 2030
cfn=(302)
calls=2030 0x3870 0 
* 0 200291078
+5 0 2030
+4 0 2030
+1 0 2030

fn=(304)
0x3820 0 4060
+1 0 4060
+3 0 4060
+3 0 4060
+3 0 4060
+2 0 4060
+3 0 4060
+3 0 4060
+3 0 4060
-14 0 10618
+3 0 10618
+2 0 10618
+3 0 10618
+3 0 10618
+3 0 10618
+6 0 14678
+2 0 14678
+3 0 14678
+3 0 14678
+2 0 14678
+3 0 14678
+6 0 4060
+3 0 4060
+3 0 4060
+5 0 10618
+11 0 4060
+3 0 4060
+1 0 4060

fn=(240) ft_strrev
0x40b0 0 54838
+1 0 54838
+3 0 54838
+4 0 54838
+4 0 54838
+5 0 54838
+6 0 54838
+4 0 54838
+4 0 54838
+4 0 54838
+4 0 54838
+4 0 54838
cfn=(232) ft_strlen
calls=54838 0x3f40 0 
* 0 1707994
+5 0 54838
+4 0 54838
+4 0 54838
+3 0 54838
+4 0 54838
+4 0 54838
+4 0 54838
-8 0 50916
+4 0 50916
+4 0 50916
+6 0 50916
+4 0 50916
+2 0 50916
+3 0 50916
+4 0 50916
+2 0 50916
+4 0 50916
+3 0 50916
+4 0 50916
+4 0 50916
+2 0 50916
+3 0 50916
+4 0 50916
+3 0 50916
+4 0 50916
+4 0 50916
+2 0 50916
+5 0 54838
+5 0 54838
+4 0 54838
+4 0 54838
+1 0 54838

fn=(294) ft_dir_info
0x1520 0 2030
+1 0 2030
+3 0 2030
+4 0 2030
+4 0 2030
+4 0 2030
+4 0 2030
+7 0 2030
+7 0 2030
+4 0 2030
cob=(2)
cfi=(1)
cfn=(274)
calls=2030 0xc47b0 0 
* 0 1020837
* 0 2030
+5 0 2030
+4 0 2030
+4 0 2030
+32 0 2030
+5 0 28435
+4 0 28435
cob=(2)
cfi=(1)
cfn=(284)
calls=28435 0xc49b0 0 
* 0 1184090
* 0 28435
+5 0 28435
+4 0 28435
+4 0 28435
+6 0 26405
+4 0 26405
cfn=(296) ft_strdup
calls=26405 0x3eb0 0 
* 0 43733861
+5 0 26405
+4 0 26405
+4 0 26405
+7 0 26405
+3 0 26405
+4 0 26405
+4 0 26405
+18 0 26405
+4 0 26405
+4 0 26405
+3 0 26405
cfn=(296)
calls=26405 0x3eb0 0 
* 0 14600238
+5 0 26405
+4 0 26405
+4 0 26405
+7 0 26405
+3 0 26405
+4 0 26405
+4 0 26405
+18 0 26405
+4 0 26405
+4 0 26405
+4 0 26405
+3 0 26405
cfn=(288) ft_dir_path
calls=26405 0x13d0 0 
* 0 59968981
+5 0 26405
+4 0 26405
+4 0 26405
+7 0 26405
+3 0 26405
+4 0 26405
+4 0 26405
+18 0 26405
+4 0 26405
+4 0 26405
+7 0 26405
+3 0 26405
+4 0 26405
+4 0 26405
+4 0 26405
+7 0 26405
+3 0 26405
+4 0 26405
+3 0 26405
cfn=(254) lstat
calls=26405 0x42a0 0 
* 0 448885
+5 0 26405
+3 0 26405
+18 0 26405
+4 0 26405
+3 0 26405
+2 0 26405
+3 0 26405
+3 0 26405
+3 0 26405
+7 0 26405
+3 0 26405
+4 0 26405
+4 0 26405
+3 0 26405
+2 0 26405
+3 0 26405
+5 0 2030
+4 0 2030
cob=(2)
cfi=(1)
cfn=(292)
calls=2030 0xc47f0 0 
* 0 315907
* 0 2030
+5 0 2030
+3 0 2030
+3 0 2030
cfn=(230)
calls=2030 0x3970 0 
* 0 887135
+5 0 2030
+4 0 2030
+4 0 2030
+3 0 2030
+4 0 2030
+2 0 2030
+7 0 2030
+3 0 2030
+4 0 2030
+1 0 2030

fn=(268)
cfn=(264)
calls=1 0x31fa 0 
0x1777 0 207797
0x1778 0 1
+4 0 1
+3 0 1
cfn=(270) ft_dir_clean
calls=1 0x1200 0 
* 0 7079
+5 0 1
+4 0 1
+2 0 1
+5 0 1
+3 0 1
+6 0 1
+4 0 1
cob=(2)
cfi=(1)
cfn=(274)
calls=1 0xc47b0 0 
* 0 3620
* 0 1
+5 0 1
+4 0 1
+4 0 1
+16 0 1
+5 0 177
+4 0 177
cob=(2)
cfi=(1)
cfn=(284)
calls=177 0xc49b0 0 
* 0 7131
* 0 177
+5 0 177
+4 0 177
+4 0 177
+6 0 172
+4 0 172
+4 0 172
+3 0 172
+6 0 7
+4 0 7
+4 0 7
+3 0 7
+6 0 168
+4 0 168
+4 0 168
+3 0 168
+6 0 3
+4 0 3
+4 0 3
+3 0 3
+6 0 3
+4 0 3
+4 0 3
+3 0 3
+6 0 7
+5 0 165
+4 0 165
+4 0 165
+4 0 165
+3 0 165
cfn=(288)
calls=165 0x13d0 0 
* 0 193446
+5 0 165
+4 0 165
+3 0 165
cfn=(252) ft_dir_check
calls=165 0x1300 0 
* 0 7808
+5 0 165
+3 0 165
+6 0 137
+4 0 137
+4 0 137
+4 0 137
cfn=(269) ft_dirs'2
calls=137 0x16f0 0 
* 0 1051984536
cfn=(269)
calls=2030 +31 0 
+4 0 1121014693192
cfn=(268)
calls=4 +31 0 
+4 0 285735039
+5 0 4
+3 0 4
+4 0 4
cob=(2)
cfi=(1)
cfn=(16)
calls=4 0x87c70 0 
* 0 402
* 0 4
-4 0 28
+4 0 28
cob=(2)
cfi=(1)
cfn=(16)
calls=28 0x87c70 0 
* 0 2324
* 0 28
+5 0 169
+5 0 5
+4 0 5
cob=(2)
cfi=(1)
cfn=(292)
calls=5 0xc47f0 0 
* 0 981
* 0 5
+5 0 5
+3 0 5
+7 0 5
+3 0 5
+4 0 5
+1 0 5

fn=(269)
0x16f0 0 2030
+1 0 2030
+3 0 2030
+4 0 2030
+4 0 2030
+4 0 2030
+4 0 2030
+4 0 2030
+4 0 2030
+4 0 2030
cfn=(294)
calls=2030 0x1520 0 
* 0 123977774
+5 0 2030
+3 0 2030
+18 0 2030
+4 0 2030
+3 0 2030
+6 0 2030
+4 0 2030
+2 0 2030
+6 0 2030
+3 0 2030
+6 0 2030
+4 0 2030
+2 0 2030
+3 0 2030
+3 0 2030
+6 0 2030
+4 0 2030
+4 0 2030
cfn=(300)
calls=2030 0x3940 0 
* 0 200317468
+5 0 2030
+4 0 2030
+4 0 2030
cfn=(264)
calls=2030 0x2f60 0 
* 0 659107705
+5 0 2030
+4 0 2030
+3 0 2030
cfn=(270)
calls=2030 0x1200 0 
* 0 8951423
+5 0 2030
+4 0 2030
+2 0 2030
+5 0 2030
+3 0 2030
+6 0 2030
+4 0 2030
cob=(2)
cfi=(1)
cfn=(274)
calls=2030 0xc47b0 0 
* 0 4239158
* 0 2030
+5 0 2030
+4 0 2030
+4 0 2030
+16 0 2030
+5 0 28435
+4 0 28435
cob=(2)
cfi=(1)
cfn=(284)
calls=28435 0xc49b0 0 
* 0 1184090
* 0 28435
+5 0 28435
+4 0 28435
+4 0 28435
+6 0 26405
+4 0 26405
+4 0 26405
+3 0 26405
+6 0 4161
+4 0 4161
+4 0 4161
+3 0 4161
+6 0 24375
+4 0 24375
+4 0 24375
+3 0 24375
+6 0 2131
+4 0 2131
+4 0 2131
+3 0 2131
+6 0 2030
+4 0 2030
+4 0 2030
+3 0 2030
+6 0 4060
+5 0 22345
+4 0 22345
+4 0 22345
+4 0 22345
+3 0 22345
cfn=(288)
calls=22345 0x13d0 0 
* 0 50138622
+5 0 22345
+4 0 22345
+3 0 22345
cfn=(252)
calls=22345 0x1300 0 
* 0 990800
+5 0 22345
+3 0 22345
+6 0 1893
+4 0 1893
+4 0 1893
+4 0 1893
cfn=(269)
calls=1893 0x16f0 0 
* 0 6000508609
+5 0 2030
+3 0 2030
+4 0 2030
cob=(2)
cfi=(1)
cfn=(16)
calls=2030 0x87c70 0 
* 0 191766
* 0 2030
-4 0 20452
+4 0 20452
cob=(2)
cfi=(1)
cfn=(16)
calls=20452 0x87c70 0 
* 0 1697516
* 0 20452
+5 0 22345
+5 0 2030
+4 0 2030
cob=(2)
cfi=(1)
cfn=(292)
calls=2030 0xc47f0 0 
* 0 342643
* 0 2030
+5 0 2030
+3 0 2030
+7 0 2030
+3 0 2030
+4 0 2030
+1 0 2030

fn=(308) ft_strcmp
0x3d70 0 1572286
+1 0 1572286
+3 0 1572286
+4 0 1572286
+4 0 1572286
+8 0 1572286
+4 0 1572286
+4 0 1572286
+4 0 1572286
+4 0 1572286
+5 0 1572286
+29 0 1572286
+5 0 2978688
+2 0 2978688
+2 0 2978688
+4 0 2978688
+4 0 2978688
+4 0 2978688
+3 0 2978688
+3 0 2978688
+6 0 2973006
+4 0 2973006
+4 0 2973006
+4 0 2973006
+4 0 2973006
+4 0 2973006
+4 0 2973006
+2 0 2973006
+4 0 2973006
+4 0 2973006
+3 0 2973006
+2 0 2973006
-5 0 5682
+3 0 5682
+2 0 5682
+6 0 1572286
+5 0 1406402
+4 0 1406402
+4 0 1406402
+4 0 1406402
+5 0 1572286
+4 0 1572286
+4 0 1572286
+4 0 1572286
+4 0 1572286
+4 0 1572286
+4 0 1572286
+2 0 1572286
+3 0 1572286
+3 0 1572286
+1 0 1572286

fn=(296)
0x3eb0 0 52847
+1 0 52847
+3 0 52847
+4 0 52847
+4 0 52847
+8 0 52847
+8 0 52847
+4 0 52847
cfn=(232)
calls=52847 0x3f40 0 
* 0 18528045
+5 0 52847
+4 0 52847
+4 0 52847
+4 0 52847
+4 0 52847
+3 0 52847
cob=(2)
cfi=(1)
cfn=(42)
calls=52847 0x875d0 0 
* 0 7848422
* 0 52847
+5 0 52847
+4 0 52847
+4 0 52847
+19 0 52847
+4 0 52847
+4 0 52847
+4 0 52847
+4 0 52847
+4 0 52847
+4 0 52847
cfn=(298) ft_memcpy
calls=52847 0x4180 0 
* 0 30378914
+5 0 52847
+4 0 52847
+4 0 52847
+4 0 52847
+1 0 52847

fn=(252)
0x1300 0 48933
+1 0 48933
+3 0 48933
+7 0 48933
+9 0 48933
+4 0 48933
+7 0 48933
+7 0 48933
+7 0 48933
cfn=(254)
calls=48933 0x42a0 0 
* 0 831861
+5 0 48933
+3 0 48933
+21 0 48933
+3 0 48933
+5 0 48933
+5 0 48933
+6 0 40916
+10 0 40916
+5 0 8017
+3 0 8017
+5 0 8017
+5 0 8017
+6 0 7985
+10 0 7985
+5 0 32
+10 0 32
+6 0 32
+9 0 32
+4 0 32
+3 0 32
+6 0 32
-28 0 48901
+6 0 48901
+9 0 48901
+4 0 48901
+3 0 48901
+6 0 48901
+6 0 48933
+6 0 48933
+7 0 48933
+1 0 48933

fn=(234) ft_strnew
0x3f80 0 54838
+1 0 54838
+3 0 54838
+4 0 54838
+4 0 54838
+4 0 54838
+4 0 54838
+4 0 54838
cob=(2)
cfi=(1)
cfn=(42)
calls=54838 0x875d0 0 
* 0 3106532
* 0 54838
+5 0 54838
+4 0 54838
+4 0 54838
+19 0 54838
+2 0 54838
+4 0 54838
+4 0 54838
+4 0 54838
+3 0 54838
cfn=(238) ft_memset
calls=54838 0x3af0 0 
* 0 3192628
+5 0 54838
+4 0 54838
+4 0 54838
+4 0 54838
+1 0 54838

fn=(254)
0x42a0 0 75338
+4 0 75338
+3 0 75338
+3 0 75338
+5 0 75338
cob=(2)
cfi=(1)
cfn=(258)
calls=75338 0xec800 0 
* 0 828718
* 0 75338

fn=(298)
0x4180 0 52847
+1 0 52847
+3 0 52847
+4 0 52847
+4 0 52847
+4 0 52847
+4 0 52847
+4 0 52847
+4 0 52847
+4 0 52847
+5 0 52847
+41 0 52847
+5 0 2296188
+4 0 2296188
+3 0 2296188
+4 0 2296188
+4 0 2296188
+4 0 2296188
+6 0 2243341
+4 0 2243341
+4 0 2243341
+3 0 2243341
+4 0 2243341
+4 0 2243341
+3 0 2243341
+5 0 52847
+4 0 52847
+4 0 52847
+4 0 52847
+1 0 52847

fn=(6) ft_putstr
0x3d00 0 270318
+1 0 270318
+3 0 270318
+4 0 270318
+4 0 270318
+4 0 270318
+5 0 270318
cfn=(4)
calls=270318 +11 0 
* 0 63007389
cfn=(4)
calls=1 +72 0 
+4 0 18
+5 0 270319
+4 0 270319
+1 0 270319

fn=(238)
0x3af0 0 81260
+1 0 81260
+3 0 81260
+4 0 81260
+3 0 81260
+4 0 81260
+4 0 81260
+4 0 81260
+4 0 81260
+3 0 81260
+4 0 81260
+4 0 81260
+4 0 81260
-19 0 483577
+4 0 483577
+3 0 483577
+4 0 483577
+4 0 483577
+4 0 483577
+6 0 483577
+3 0 483577
+2 0 483577
+4 0 483577
+4 0 483577
+3 0 483577
+5 0 81260
+4 0 81260
+1 0 81260

fn=(250)
0x2c20 0 26423
+1 0 26423
+3 0 26423
+4 0 26423
+4 0 26423
+4 0 26423
+4 0 26423
+7 0 26423
+4 0 26423
+2 0 26423
cfn=(8)
calls=26423 0x2640 0 
* 0 22233827
+5 0 26423
+4 0 26423
+2 0 26423
+6 0 26423
+3 0 26423
+3 0 26423
+6 0 26423
+4 0 26423
+4 0 26423
cfn=(252)
calls=26423 0x1300 0 
* 0 1186480
+5 0 26423
+3 0 26423
+6 0 5955
+7 0 5955
+2 0 5955
cfn=(8)
calls=5955 0x2640 0 
* 0 821790
+5 0 5955
+3 0 5955
+5 0 20468
+4 0 20468
+3 0 20468
+6 0 20468
+6 0 20468
+6 0 16
+7 0 16
+2 0 16
cfn=(8)
calls=16 0x2640 0 
* 0 2208
+5 0 16
+3 0 16
+5 0 20452
+4 0 20452
+3 0 20452
+6 0 20452
+6 0 20452
+28 0 20452
+4 0 20452
+3 0 20452
+6 0 20452
+6 0 20452
+28 0 20452
+4 0 20452
+3 0 20452
+3 0 20452
+3 0 20452
+6 0 7829
+7 0 7829
+2 0 7829
cfn=(8)
calls=7829 0x2640 0 
* 0 1080402
+5 0 7829
+3 0 7829
* 0 12623
+5 0 20452
+5 0 20452
+5 0 20468
+5 0 26423
+5 0 26423
+7 0 26423
+2 0 26423
cfn=(8)
calls=26423 0x2640 0 
* 0 3804912
+5 0 26423
+5 0 26423
+3 0 26423
+2 0 26423
+4 0 26423
+1 0 26423

fn=(288)
0x13d0 0 48915
+1 0 48915
+3 0 48915
+4 0 48915
+4 0 48915
+4 0 48915
+7 0 48915
+4 0 48915
cfn=(232)
calls=48915 0x3f40 0 
* 0 27154137
+5 0 48915
+4 0 48915
+4 0 48915
cfn=(232)
calls=48915 0x3f40 0 
* 0 7700361
+5 0 48915
+4 0 48915
+3 0 48915
+2 0 48915
+3 0 48915
+3 0 48915
+3 0 48915
+3 0 48915
+4 0 48915
+3 0 48915
cob=(2)
cfi=(1)
cfn=(42)
calls=48915 0x875d0 0 
* 0 5150575
* 0 48915
+5 0 48915
+4 0 48915
+4 0 48915
+19 0 48915
+5 0 3375924
+4 0 3375924
+3 0 3375924
+6 0 3327009
+4 0 3327009
+3 0 3327009
+4 0 3327009
+4 0 3327009
+2 0 3327009
+4 0 3327009
+3 0 3327009
+2 0 3327009
+3 0 3327009
+3 0 3327009
+3 0 3327009
+3 0 3327009
+5 0 48915
+4 0 48915
+3 0 48915
+3 0 48915
+3 0 48915
+4 0 48915
+3 0 48915
+23 0 48915
+4 0 48915
+3 0 48915
+2 0 48915
+3 0 48915
+3 0 48915
+3 0 48915
+4 0 48915
+5 0 944202
+4 0 944202
+3 0 944202
+6 0 895287
+4 0 895287
+3 0 895287
+4 0 895287
+4 0 895287
+2 0 895287
+4 0 895287
+3 0 895287
+2 0 895287
+3 0 895287
+3 0 895287
+3 0 895287
+3 0 895287
+5 0 48915
+4 0 48915
+4 0 48915
+4 0 48915
+4 0 48915
+4 0 48915
+4 0 48915
+4 0 48915
+1 0 48915

fn=(306)
0x3580 0 901534
+1 0 901534
+3 0 901534
+4 0 901534
+4 0 901534
+4 0 901534
+3 0 901534
+3 0 901534
+7 0 901534
+4 0 901534
+4 0 901534
+7 0 901534
+3 0 901534
+4 0 901534
+4 0 901534
+4 0 901534
+7 0 901534
+3 0 901534
+4 0 901534
cfn=(308)
calls=901534 0x3d70 0 
* 0 63803471
+5 0 901534
+3 0 901534
+3 0 901534
+6 0 230782
+3 0 230782
+3 0 230782
+5 0 670752
+4 0 670752
+4 0 670752
+7 0 670752
+3 0 670752
+4 0 670752
+4 0 670752
+4 0 670752
+7 0 670752
+3 0 670752
+4 0 670752
cfn=(308)
calls=670752 0x3d70 0 
* 0 39079623
+5 0 670752
+3 0 670752
+3 0 670752
+6 0 670752
+3 0 670752
+3 0 670752
+16 0 901534
+3 0 901534
+4 0 901534
+1 0 901534

fn=(232)
0x3f40 0 260353
+1 0 260353
+3 0 260353
+4 0 260353
+8 0 260353
+4 0 260353
+4 0 260353
+4 0 260353
-12 0 6741831
+4 0 6741831
+4 0 6741831
+4 0 6741831
+6 0 6741831
+4 0 6741831
+4 0 6741831
+4 0 6741831
+5 0 260353
+4 0 260353
+1 0 260353

fn=(270)
0x1200 0 2031
+1 0 2031
+3 0 2031
+4 0 2031
+4 0 2031
+4 0 2031
+2 0 2031
+3 0 2031
+4 0 2031
+5 0 2031
+6 0 2031
+4 0 2031
+4 0 2031
cob=(2)
cfi=(1)
cfn=(16)
calls=2031 0x87c70 0 
* 0 170205
* 0 2031
+5 0 2031
+5 0 30488
+3 0 30488
+2 0 30488
+3 0 30488
+3 0 30488
+3 0 30488
+6 0 28457
+4 0 28457
+4 0 28457
+7 0 28457
+3 0 28457
+5 0 28457
+6 0 26426
+4 0 26426
+4 0 26426
+7 0 26426
+3 0 26426
+4 0 26426
cob=(2)
cfi=(1)
cfn=(16)
calls=26426 0x87c70 0 
* 0 2499598
* 0 26426
+5 0 28457
+4 0 28457
+4 0 28457
+7 0 28457
+3 0 28457
+5 0 28457
+6 0 26426
+4 0 26426
+4 0 26426
+7 0 26426
+3 0 26426
+4 0 26426
cob=(2)
cfi=(1)
cfn=(16)
calls=26426 0x87c70 0 
* 0 2505118
* 0 26426
+5 0 28457
+4 0 28457
+4 0 28457
+7 0 28457
+3 0 28457
+5 0 28457
+6 0 26426
+4 0 26426
+4 0 26426
+7 0 26426
+3 0 26426
+4 0 26426
cob=(2)
cfi=(1)
cfn=(16)
calls=26426 0x87c70 0 
* 0 2468466
* 0 26426
+5 0 28457
+5 0 2031
+4 0 2031
+1 0 2031

fn=(266)
0x29c0 0 26422
+1 0 26422
+3 0 26422
+4 0 26422
+4 0 26422
+9 0 26422
+4 0 26422
+4 0 26422
+3 0 26422
+5 0 26422
+5 0 26422
cfn=(238)
calls=26422 0x3af0 0 
* 0 3910456
+5 0 26422
+4 0 26422
+3 0 26422
+6 0 26422
+6 0 26422
+4 0 26422
+6 0 5955
+4 0 5955
+5 0 20467
+4 0 20467
+3 0 20467
+6 0 20467
+6 0 20467
+6 0 20451
+4 0 20451
+5 0 16
+4 0 16
+3 0 16
+6 0 16
+6 0 16
+15 0 16
+4 0 16
+3 0 16
+6 0 16
+6 0 16
+15 0 16
+4 0 16
+3 0 16
+6 0 16
+6 0 16
+6 0 16
+4 0 16
+78 0 16
+5 0 16
+5 0 16
+5 0 20467
+5 0 26422
+4 0 26422
+3 0 26422
+6 0 26422
+3 0 26422
+6 0 26407
+4 0 26407
+4 0 26407
+3 0 26407
+6 0 26407
+3 0 26407
-16 0 15
+4 0 15
+3 0 15
+6 0 15
+3 0 15
+6 0 21764
+4 0 21764
+4 0 21764
+3 0 21764
+3 0 21764
+3 0 21764
-13 0 4658
+4 0 4658
+3 0 4658
+3 0 4658
+3 0 4658
+6 0 13800
+4 0 13800
+4 0 13800
+3 0 13800
+3 0 13800
+3 0 13800
-13 0 12622
+4 0 12622
+3 0 12622
+3 0 12622
+3 0 12622
+6 0 26388
+4 0 26388
+4 0 26388
+3 0 26388
+3 0 26388
+3 0 26388
-13 0 34
+4 0 34
+3 0 34
+3 0 34
+3 0 34
+6 0 16
+4 0 16
+4 0 16
+3 0 16
+3 0 16
+3 0 16
-13 0 26406
+4 0 26406
+3 0 26406
+3 0 26406
+3 0 26406
+6 0 13800
+4 0 13800
+4 0 13800
+3 0 13800
+3 0 13800
+3 0 13800
-13 0 12622
+4 0 12622
+3 0 12622
+3 0 12622
+3 0 12622
+6 0 26388
+4 0 26388
+4 0 26388
+3 0 26388
+3 0 26388
+3 0 26388
-13 0 34
+4 0 34
+3 0 34
+3 0 34
+3 0 34
+6 0 16
+4 0 16
+4 0 16
+3 0 16
+3 0 16
+3 0 16
-13 0 26406
+4 0 26406
+3 0 26406
+3 0 26406
+3 0 26406
+6 0 13800
+4 0 13800
+4 0 13800
+4 0 13800
+7 0 13800
+2 0 13800
+2 0 13800
+4 0 13800
+2 0 13800
cfn=(8)
calls=13800 0x2640 0 
* 0 10281000
-25 0 12622
+4 0 12622
+4 0 12622
+7 0 12622
+2 0 12622
+2 0 12622
+4 0 12622
+2 0 12622
cfn=(8)
calls=12622 0x2640 0 
* 0 9403390
+5 0 26422
+9 0 26422
+4 0 26422
+3 0 26422
+3 0 26422
+6 0 26422
+4 0 26422
+1 0 26422

fn=(230)
0x3970 0 54875
+1 0 54875
+3 0 54875
+4 0 54875
+9 0 54875
+4 0 54875
+3 0 54875
+4 0 54875
+6 0 54875
+27 0 54875
+4 0 54875
+6 0 37
+7 0 37
cfn=(296)
calls=37 0x3eb0 0 
* 0 6692
+5 0 37
+4 0 37
+5 0 54838
+4 0 54838
+22 0 54838
+4 0 54838
+4 0 54838
+5 0 54838
+5 0 54838
+8 0 54838
+5 0 54838
-5 0 138097
+5 0 138097
+6 0 138097
+4 0 138097
+2 0 138097
+5 0 138097
+3 0 138097
+4 0 138097
+3 0 138097
+4 0 138097
+3 0 138097
+4 0 138097
+4 0 138097
+5 0 138097
+4 0 138097
+3 0 138097
+2 0 138097
+3 0 138097
+4 0 138097
+5 0 54838
+4 0 54838
+26 0 54838
+4 0 54838
+4 0 54838
+5 0 54838
cfn=(232)
calls=54838 0x3f40 0 
* 0 1707994
+5 0 54838
+3 0 54838
cfn=(234)
calls=54838 0x3f80 0 
* 0 7560434
+5 0 54838
+4 0 54838
+4 0 54838
+19 0 54838
+4 0 54838
+4 0 54838
+4 0 54838
cfn=(240)
calls=54838 0x40b0 0 
* 0 4042426
+5 0 54838
+4 0 54838
+3 0 54838
cfn=(242)
calls=54838 0x3e40 0 
* 0 3030118
+5 0 54838
+4 0 54838
+4 0 54838
+4 0 54838
+9 0 54838
+4 0 54838
+3 0 54838
+4 0 54838
-24 0 37
+4 0 37
+9 0 37
+4 0 37
+3 0 37
+4 0 37
+6 0 54875
+4 0 54875
+4 0 54875
+1 0 54875

fn=(378)
0x1130 0 1
+7 0 1
+7 0 1
+3 0 1
+23 0 1

fn=(8)
0x2640 0 231272
+1 0 231272
+3 0 231272
+7 0 231272
+2 0 231272
+7 0 231272
+7 0 231272
+7 0 231272
+7 0 231272
+7 0 231272
+7 0 231272
+7 0 231272
+7 0 231272
+7 0 231272
+7 0 231272
+7 0 231272
+7 0 231272
+7 0 231272
+7 0 231272
0x2716 0 231272
+7 0 231272
+7 0 231272
+7 0 231272
+7 0 231272
+7 0 231272
+7 0 231272
+7 0 231272
+7 0 231272
+7 0 231272
+7 0 231272
+7 0 231272
+4 0 231272
+9 0 231272
+4 0 231272
+4 0 231272
+7 0 231272
+7 0 231272
+4 0 231272
+4 0 231272
+4 0 231272
+8 0 231272
+7 0 231272
+4 0 231272
+3 0 231272
+3 0 231272
+3 0 231272
+3 0 231272
+4 0 231272
-20 0 741428
+4 0 741428
+3 0 741428
+3 0 741428
+3 0 741428
+3 0 741428
+4 0 741428
+6 0 741427
+4 0 741427
+4 0 741427
+4 0 741427
+3 0 741427
+6 0 164626
+4 0 164626
+3 0 164626
+3 0 164626
+7 0 164626
+6 0 164626
+6 0 164626
+6 0 164626
+3 0 164626
+7 0 164626
+4 0 164626
+3 0 164626
+2 0 164626
+7 0 164626
+34 0 164626
+7 0 164626
+3 0 164626
cfn=(6)
calls=164626 0x3d00 0 
* 0 58946281
cfn=(6)
calls=1 0x3d1a 0 
+4 0 21
+5 0 164627
+5 0 576801
+4 0 576801
+4 0 576801
+4 0 576801
+3 0 576801
+6 0 32513
+7 0 32513
cfn=(260)
calls=32513 0x3bd0 0 
* 0 2145858
+5 0 32513
+5 0 544288
+4 0 544288
+4 0 544288
+4 0 544288
+3 0 544288
+6 0 105692
+7 0 105692
cfn=(6)
calls=105692 0x3d00 0 
* 0 6764288
+5 0 105692
+5 0 438596
+4 0 438596
+4 0 438596
+4 0 438596
+3 0 438596
+23 0 438596
+4 0 438596
+4 0 438596
+4 0 438596
+6 0 438596
+4 0 438596
+4 0 438596
+4 0 438596
cfn=(248)
calls=438596 0x3b40 0 
* 0 18421032
+5 0 438596
+5 0 438596
+5 0 544288
+5 0 576801
+5 0 741428
+5 0 231273
+9 0 231273
+4 0 231273
+3 0 231273
+6 0 231273
+5 0 231273
+7 0 231273
+1 0 231273

ob=(6) /usr/lib/valgrind/vgpreload_core-amd64-linux.so
fl=(6) ???
fn=(386) 0x00000000000010c0
0x10c0 0 1
+4 0 1
+7 0 1
+2 0 1
+1 0 1
+8 0 1
+3 0 1
+2 0 1
+7 0 1
cob=(2)
cfi=(1)
cfn=(372)
calls=1 0x3d310 0 
* 0 75
+6 0 1
cfn=(394) 0x0000000000001050
calls=1 0x1050 0 
* 0 5
+5 0 1
+7 0 1
+1 0 1

fn=(394)
0x1050 0 1
+7 0 1
+7 0 1
+3 0 1
+23 0 1

ob=(5)
fl=(5)
fn=(358) _dl_sort_maps
0x16f70 0 1
+4 0 1
+1 0 1
+3 0 1
+2 0 1
+2 0 1
+2 0 1
+2 0 1
+1 0 1
+4 0 1
+4 0 1
+3 0 1
+7 0 1
+3 0 1
+3 0 1
+6 0 1
+2 0 1
+3 0 1
+2 0 1
+3 0 1
+3 0 1
+3 0 1
+7 0 1
+6 0 1
+4 0 1
+4 0 1
+4 0 1
+3 0 1
+3 0 1
+4 0 1
cfn=(360) memset
calls=1 0x20b60 0 
* 0 14
+5 0 1
+4 0 1
+3 0 1
+3 0 1
+3 0 1
+3 0 1
+4 0 1
+4 0 1
+2 0 1
+7 0 1
+3 0 1
+5 0 1
+4 0 1
+4 0 1
+4 0 1
+3 0 1
+4 0 1
+4 0 1
+4 0 1
+4 0 1
+4 0 1
+3 0 1
-38 0 5
+4 0 5
+4 0 5
+4 0 5
+3 0 5
+4 0 5
+4 0 5
+4 0 5
+4 0 5
+4 0 5
+3 0 5
+6 0 6
+4 0 6
+2 0 5
+4 0 5
+7 0 5
+5 0 5
+4 0 5
+3 0 5
+7 0 5
+3 0 5
-17 0 3
+4 0 3
+3 0 3
+7 0 3
+3 0 3
+2 0 6
+3 0 6
+6 0 6
+4 0 6
+4 0 6
+3 0 6
+2 0 4
+4 0 4
+6 0 3
+4 0 3
+3 0 3
+4 0 3
+8 0 14
+3 0 14
+3 0 14
+2 0 11
+4 0 11
+3 0 11
+2 0 2
+3 0 2
+4 0 2
+3 0 2
+4 0 2
+3 0 2
+4 0 2
+8 0 2
+4 0 2
+3 0 2
+4 0 2
+4 0 2
cfn=(362) memcpy
calls=2 0x20970 0 
* 0 22
+5 0 2
+4 0 2
+3 0 2
+4 0 2
+7 0 2
+4 0 2
+4 0 2
+4 0 2
+3 0 2
+62 0 2
+4 0 2
+5 0 2
+4 0 2
+3 0 2
+3 0 2
+2 0 2
+2 0 3
+3 0 3
+2 0 3
+3 0 3
+3 0 3
+3 0 3
cfn=(360)
calls=3 0x20b60 0 
* 0 50
+5 0 3
+3 0 3
+4 0 3
+6 0 2
+3 0 2
+4 0 2
+3 0 2
+4 0 2
+3 0 2
cfn=(362)
calls=2 0x20970 0 
* 0 26
+5 0 2
+3 0 2
+4 0 2
+4 0 2
+4 0 2
+4 0 2
+7 0 6
+7 0 6
+3 0 6
0x17200 0 6
+4 0 6
+6 0 6
+7 0 6
+16 0 1
+7 0 1
+4 0 1
+1 0 1
+2 0 1
+2 0 1
+2 0 1
+2 0 1
+1 0 1

fn=(360)
0x20b60 0 4
+4 0 4
+4 0 4
+3 0 4
+4 0 4
+4 0 4
+5 0 4
+4 0 4
0x20c0c 0 4
+5 0 4
+3 0 4
+2 0 3
+3 0 3
+2 0 1
+3 0 1
+7 0 1
+5 0 1
+3 0 1
+1 0 2
+4 0 2
+2 0 2
+1 0 1
+5 0 1
+3 0 1

fn=(364) rtld_lock_default_unlock_recursive
0x2160 0 1
+4 0 1
+4 0 1

fn=(362)
0x20970 0 4
+4 0 4
+3 0 4
+4 0 4
+2 0 2
+4 0 2
+2 0 2
+3 0 2
+5 0 2
+3 0 2
+5 0 2
+1 0 2
+3 0 2
+2 0 2
+3 0 2
+32 0 2
+4 0 2
+2 0 2
+4 0 2
+2 0 2

fn=(356) rtld_lock_default_lock_recursive
0x2150 0 1
+4 0 1
+4 0 1

fn=(354)
0x10960 0 1
+4 0 1
+1 0 1
+3 0 1
+2 0 1
+2 0 1
+2 0 1
+2 0 1
+1 0 1
+4 0 1
+7 0 1
+4 0 1
+6 0 1
+7 0 1
+4 0 1
+7 0 1
+4 0 1
+3 0 1
+22 0 1
+4 0 1
+7 0 1
+4 0 1
+6 0 1
+7 0 1
cfn=(356)
calls=1 0x2150 0 
* 0 3
+6 0 1
+3 0 1
+2 0 1
+2 0 1
+3 0 1
+7 0 1
+3 0 1
+3 0 1
+3 0 1
+2 0 1
+2 0 1
+4 0 1
+3 0 1
+8 0 1
+4 0 1
+4 0 1
+3 0 1
+3 0 1
+15 0 5
+4 0 5
+2 0 5
+3 0 5
+6 0 5
+3 0 5
+5 0 5
+7 0 5
+4 0 5
+7 0 5
+4 0 5
+3 0 5
+2 0 1
+3 0 1
+3 0 1
+3 0 1
+2 0 1
+2 0 1
+6 0 1
+3 0 1
+3 0 1
+2 0 1
+32 0 1
+2 0 1
+5 0 1
cfn=(358)
calls=1 0x16f70 0 
* 0 575
+5 0 1
+7 0 1
cfn=(364)
calls=1 0x2160 0 
* 0 3
+6 0 1
+3 0 1
+6 0 1
+4 0 1
+5 0 1
+4 0 1
+3 0 1
+4 0 1
+8 0 1
+2 0 1
-14 0 4
+4 0 4
+8 0 4
+2 0 4
+6 0 5
+3 0 5
+7 0 5
+7 0 5
+3 0 5
+6 0 3
+7 0 3
+6 0 3
+4 0 3
+7 0 3
+3 0 3
+4 0 3
+3 0 3
+4 0 3
+4 0 3
+3 0 3
+4 0 3
+2 0 3
+2 0 3
+5 0 3
cob=(3)
cfi=(4)
cfn=(402)
calls=1 0x3620 0 
* 0 93
cob=(6)
cfi=(6)
cfn=(386)
calls=1 0x10c0 0 
* 0 93
cob=(1)
cfi=(2)
cfn=(366)
calls=1 0x11a0 0 
* 0 93
+3 0 3
+3 0 3
+4 0 3
+4 0 3
+2 0 3
+7 0 3
+3 0 3
+2 0 3
+4 0 3
+3 0 3
cob=(4)
cfi=(3)
cfn=(416)
calls=1 0x4a3a90c 0 
* 0 4
cob=(4)
cfi=(3)
cfn=(400)
calls=1 0x482e288 0 
* 0 4
cob=(4)
cfi=(3)
cfn=(384)
calls=1 0x10c2b4 0 
* 0 4
+2 0 5
+3 0 5
+2 0 5
+2 0 5
+6 0 5
+2 0 5
+6 0 5
+8 0 5
+4 0 5
+4 0 5
+6 0 1
+4 0 1
+12 0 2
+7 0 2
+3 0 2
+94 0 1
+3 0 1
+3 0 1
+4 0 1
+2 0 1
+3 0 1
+4 0 1
+13 0 1
+3 0 1
+2 0 1
+2 0 1
+6 0 1
+2 0 1
+2 0 1
+7 0 1
+2 0 1
+4 0 1
+1 0 1
+2 0 1
+2 0 1
+2 0 1
+2 0 1
+1 0 1

totals: 1052421688
